Date,High,Low,Open,Close,Volume,Adj Close
2017-01-03,4.25,4.199999809265137,4.199999809265137,4.239999771118164,41900,4.239999771118164
2017-01-04,4.46999979019165,4.21999979019165,4.25,4.409999847412109,45400,4.409999847412109
2017-01-05,4.420000076293945,4.309999942779541,4.420000076293945,4.389999866485596,15500,4.389999866485596
2017-01-06,4.440000057220459,4.349999904632568,4.380000114440918,4.349999904632568,44100,4.349999904632568
2017-01-09,4.420000076293945,4.329999923706055,4.329999923706055,4.380000114440918,22300,4.380000114440918
2017-01-10,4.420000076293945,4.329999923706055,4.409999847412109,4.329999923706055,18900,4.329999923706055
2017-01-11,4.400000095367432,4.320000171661377,4.320000171661377,4.389999866485596,6100,4.389999866485596
2017-01-12,4.360000133514404,4.269999980926514,4.360000133514404,4.340000152587891,15000,4.340000152587891
2017-01-13,4.46999979019165,4.300000190734863,4.320000171661377,4.420000076293945,18300,4.420000076293945
2017-01-17,4.480000019073486,4.369999885559082,4.46999979019165,4.380000114440918,14000,4.380000114440918
2017-01-18,4.460000038146973,4.360000133514404,4.460000038146973,4.389999866485596,6300,4.389999866485596
2017-01-19,4.409999847412109,4.360000133514404,4.369999885559082,4.389999866485596,6200,4.389999866485596
2017-01-20,4.53000020980835,4.440000057220459,4.449999809265137,4.5,28900,4.5
2017-01-23,4.559999942779541,4.449999809265137,4.519999980926514,4.449999809265137,44800,4.449999809265137
2017-01-24,4.510000228881836,4.400000095367432,4.460000038146973,4.440000057220459,36800,4.440000057220459
2017-01-25,4.5,4.329999923706055,4.429999828338623,4.389999866485596,89100,4.389999866485596
2017-01-26,4.460000038146973,4.360000133514404,4.360000133514404,4.420000076293945,52800,4.420000076293945
2017-01-27,4.480000019073486,4.400000095367432,4.449999809265137,4.449999809265137,43100,4.449999809265137
2017-01-30,4.449999809265137,4.409999847412109,4.440000057220459,4.440000057220459,18300,4.440000057220459
2017-01-31,4.590000152587891,4.429999828338623,4.460000038146973,4.559999942779541,34300,4.559999942779541
2017-02-01,4.739999771118164,4.570000171661377,4.590000152587891,4.730000019073486,36000,4.730000019073486
2017-02-02,4.75,4.610000133514404,4.75,4.75,39900,4.75
2017-02-03,4.789999961853027,4.619999885559082,4.659999847412109,4.659999847412109,59500,4.659999847412109
2017-02-06,4.710000038146973,4.619999885559082,4.639999866485596,4.670000076293945,16700,4.670000076293945
2017-02-07,4.670000076293945,4.610000133514404,4.659999847412109,4.610000133514404,23100,4.610000133514404
2017-02-08,4.679999828338623,4.559999942779541,4.630000114440918,4.590000152587891,16800,4.590000152587891
2017-02-09,4.789999961853027,4.539999961853027,4.590000152587891,4.78000020980835,18900,4.78000020980835
2017-02-10,4.800000190734863,4.650000095367432,4.75,4.75,20200,4.75
2017-02-13,4.860000133514404,4.75,4.769999980926514,4.840000152587891,25800,4.840000152587891
2017-02-14,4.889999866485596,4.739999771118164,4.860000133514404,4.840000152587891,24600,4.840000152587891
2017-02-15,4.980000019073486,4.75,4.889999866485596,4.920000076293945,21200,4.920000076293945
2017-02-16,5.0,4.840000152587891,4.880000114440918,4.929999828338623,19700,4.929999828338623
2017-02-17,5.010000228881836,4.730000019073486,4.909999847412109,4.949999809265137,42200,4.949999809265137
2017-02-21,5.46999979019165,4.96999979019165,5.150000095367432,5.389999866485596,116400,5.389999866485596
2017-02-22,5.760000228881836,5.210000038146973,5.400000095367432,5.670000076293945,43100,5.670000076293945
2017-02-23,5.849999904632568,5.599999904632568,5.739999771118164,5.599999904632568,42000,5.599999904632568
2017-02-24,5.650000095367432,5.349999904632568,5.519999980926514,5.539999961853027,25700,5.539999961853027
2017-02-27,6.329999923706055,5.760000228881836,5.849999904632568,5.960000038146973,137700,5.960000038146973
2017-02-28,6.050000190734863,5.71999979019165,6.050000190734863,5.78000020980835,33000,5.78000020980835
2017-03-01,5.980000019073486,5.590000152587891,5.590000152587891,5.889999866485596,29800,5.889999866485596
2017-03-02,6.070000171661377,5.710000038146973,5.710000038146973,5.920000076293945,24300,5.920000076293945
2017-03-03,5.960000038146973,5.630000114440918,5.829999923706055,5.889999866485596,33100,5.889999866485596
2017-03-06,6.139999866485596,5.78000020980835,5.980000019073486,5.800000190734863,105800,5.800000190734863
2017-03-07,5.849999904632568,5.690000057220459,5.849999904632568,5.710000038146973,38400,5.710000038146973
2017-03-08,5.730000019073486,5.429999828338623,5.659999847412109,5.480000019073486,111200,5.480000019073486
2017-03-09,5.699999809265137,5.429999828338623,5.449999809265137,5.679999828338623,78100,5.679999828338623
2017-03-10,5.730000019073486,5.449999809265137,5.730000019073486,5.570000171661377,47600,5.570000171661377
2017-03-13,5.71999979019165,5.519999980926514,5.650000095367432,5.579999923706055,103900,5.579999923706055
2017-03-14,5.619999885559082,5.400000095367432,5.619999885559082,5.570000171661377,51800,5.570000171661377
2017-03-15,5.559999942779541,5.230000019073486,5.53000020980835,5.449999809265137,145300,5.449999809265137
2017-03-16,5.78000020980835,5.309999942779541,5.389999866485596,5.75,50700,5.75
2017-03-17,5.900000095367432,5.46999979019165,5.579999923706055,5.639999866485596,50800,5.639999866485596
2017-03-20,6.0,5.730000019073486,5.730000019073486,6.0,101800,6.0
2017-03-21,6.25,5.800000190734863,6.079999923706055,6.239999771118164,84800,6.239999771118164
2017-03-22,6.289999961853027,5.809999942779541,6.239999771118164,6.010000228881836,82700,6.010000228881836
2017-03-23,6.059999942779541,5.849999904632568,6.010000228881836,5.909999847412109,29100,5.909999847412109
2017-03-24,6.050000190734863,5.789999961853027,5.909999847412109,6.019999980926514,44500,6.019999980926514
2017-03-27,5.739999771118164,5.389999866485596,5.670000076293945,5.610000133514404,107900,5.610000133514404
2017-03-28,5.789999961853027,5.550000190734863,5.579999923706055,5.71999979019165,20400,5.71999979019165
2017-03-29,5.800000190734863,5.510000228881836,5.71999979019165,5.590000152587891,22300,5.590000152587891
2017-03-30,5.539999961853027,5.389999866485596,5.539999961853027,5.46999979019165,40800,5.46999979019165
2017-03-31,5.610000133514404,5.369999885559082,5.480000019073486,5.519999980926514,76700,5.519999980926514
2017-04-03,5.630000114440918,5.400000095367432,5.53000020980835,5.409999847412109,50100,5.409999847412109
2017-04-04,5.460000038146973,5.329999923706055,5.360000133514404,5.340000152587891,21800,5.340000152587891
2017-04-05,5.389999866485596,5.25,5.289999961853027,5.320000171661377,54600,5.320000171661377
2017-04-06,5.5,5.28000020980835,5.309999942779541,5.429999828338623,74000,5.429999828338623
2017-04-07,5.489999771118164,5.389999866485596,5.400000095367432,5.400000095367432,54600,5.400000095367432
2017-04-10,5.480000019073486,5.300000190734863,5.300000190734863,5.440000057220459,50200,5.440000057220459
2017-04-11,5.599999904632568,5.360000133514404,5.429999828338623,5.53000020980835,27900,5.53000020980835
2017-04-12,5.619999885559082,5.449999809265137,5.599999904632568,5.590000152587891,23500,5.590000152587891
2017-04-13,5.71999979019165,5.380000114440918,5.579999923706055,5.590000152587891,12400,5.590000152587891
2017-04-17,5.679999828338623,5.289999961853027,5.480000019073486,5.670000076293945,45400,5.670000076293945
2017-04-18,5.739999771118164,5.480000019073486,5.619999885559082,5.690000057220459,18800,5.690000057220459
2017-04-19,5.789999961853027,5.610000133514404,5.71999979019165,5.699999809265137,26900,5.699999809265137
2017-04-20,5.949999809265137,5.619999885559082,5.670000076293945,5.820000171661377,23900,5.820000171661377
2017-04-21,5.909999847412109,5.789999961853027,5.809999942779541,5.889999866485596,38600,5.889999866485596
2017-04-24,6.079999923706055,5.610000133514404,5.889999866485596,5.989999771118164,42100,5.989999771118164
2017-04-25,6.139999866485596,5.610000133514404,5.610000133514404,6.139999866485596,73900,6.139999866485596
2017-04-26,6.300000190734863,5.860000133514404,6.190000057220459,5.900000095367432,31100,5.900000095367432
2017-04-27,5.980000019073486,5.690000057220459,5.900000095367432,5.730000019073486,59600,5.730000019073486
2017-04-28,5.940000057220459,5.710000038146973,5.78000020980835,5.929999828338623,20100,5.929999828338623
2017-05-01,5.989999771118164,5.809999942779541,5.849999904632568,5.960000038146973,22700,5.960000038146973
2017-05-02,5.980000019073486,5.690000057220459,5.900000095367432,5.889999866485596,15700,5.889999866485596
2017-05-03,5.889999866485596,5.730000019073486,5.820000171661377,5.889999866485596,10500,5.889999866485596
2017-05-04,5.889999866485596,5.730000019073486,5.889999866485596,5.820000171661377,12000,5.820000171661377
2017-05-05,5.849999904632568,5.639999866485596,5.760000228881836,5.730000019073486,23200,5.730000019073486
2017-05-08,5.840000152587891,5.619999885559082,5.760000228881836,5.800000190734863,24000,5.800000190734863
2017-05-09,5.809999942779541,5.659999847412109,5.789999961853027,5.739999771118164,19800,5.739999771118164
2017-05-10,5.78000020980835,5.599999904632568,5.690000057220459,5.679999828338623,15500,5.679999828338623
2017-05-11,5.659999847412109,5.409999847412109,5.610000133514404,5.619999885559082,36600,5.619999885559082
2017-05-12,5.889999866485596,5.659999847412109,5.739999771118164,5.840000152587891,25900,5.840000152587891
2017-05-15,5.809999942779541,5.670000076293945,5.809999942779541,5.75,13100,5.75
2017-05-16,5.769999980926514,5.659999847412109,5.739999771118164,5.659999847412109,10800,5.659999847412109
2017-05-17,5.650000095367432,5.400000095367432,5.650000095367432,5.420000076293945,25700,5.420000076293945
2017-05-18,5.489999771118164,5.260000228881836,5.409999847412109,5.400000095367432,51000,5.400000095367432
2017-05-19,5.75,5.420000076293945,5.420000076293945,5.699999809265137,17800,5.699999809265137
2017-05-22,5.820000171661377,5.570000171661377,5.679999828338623,5.760000228881836,34200,5.760000228881836
2017-05-23,5.869999885559082,5.690000057220459,5.760000228881836,5.769999980926514,12100,5.769999980926514
2017-05-24,5.869999885559082,5.610000133514404,5.809999942779541,5.670000076293945,28000,5.670000076293945
2017-05-25,5.730000019073486,5.53000020980835,5.71999979019165,5.53000020980835,20100,5.53000020980835
2017-05-26,5.670000076293945,5.389999866485596,5.599999904632568,5.519999980926514,26200,5.519999980926514
2017-05-30,5.599999904632568,5.510000228881836,5.510000228881836,5.519999980926514,12100,5.519999980926514
2017-05-31,5.619999885559082,5.46999979019165,5.519999980926514,5.519999980926514,9800,5.519999980926514
2017-06-01,5.619999885559082,5.380000114440918,5.380000114440918,5.420000076293945,11300,5.420000076293945
2017-06-02,5.559999942779541,5.489999771118164,5.489999771118164,5.539999961853027,11600,5.539999961853027
2017-06-05,5.590000152587891,5.380000114440918,5.519999980926514,5.429999828338623,30300,5.429999828338623
2017-06-06,5.590000152587891,5.5,5.519999980926514,5.590000152587891,20000,5.590000152587891
2017-06-07,5.630000114440918,5.5,5.579999923706055,5.599999904632568,21400,5.599999904632568
2017-06-08,5.659999847412109,5.480000019073486,5.5,5.510000228881836,16800,5.510000228881836
2017-06-09,5.639999866485596,5.420000076293945,5.5,5.429999828338623,38000,5.429999828338623
2017-06-12,5.599999904632568,5.440000057220459,5.460000038146973,5.539999961853027,8600,5.539999961853027
2017-06-13,5.539999961853027,5.460000038146973,5.510000228881836,5.460000038146973,5400,5.460000038146973
2017-06-14,5.570000171661377,5.389999866485596,5.510000228881836,5.480000019073486,24100,5.480000019073486
2017-06-15,5.480000019073486,5.320000171661377,5.460000038146973,5.46999979019165,28400,5.46999979019165
2017-06-16,5.590000152587891,5.409999847412109,5.480000019073486,5.440000057220459,18000,5.440000057220459
2017-06-19,5.539999961853027,5.429999828338623,5.489999771118164,5.53000020980835,4700,5.53000020980835
2017-06-20,5.599999904632568,5.409999847412109,5.480000019073486,5.5,20000,5.5
2017-06-21,5.599999904632568,5.400000095367432,5.489999771118164,5.46999979019165,29800,5.46999979019165
2017-06-22,5.699999809265137,5.519999980926514,5.590000152587891,5.650000095367432,12500,5.650000095367432
2017-06-23,5.71999979019165,5.559999942779541,5.630000114440918,5.619999885559082,14400,5.619999885559082
2017-06-26,5.760000228881836,5.619999885559082,5.630000114440918,5.699999809265137,11800,5.699999809265137
2017-06-27,5.760000228881836,5.550000190734863,5.659999847412109,5.559999942779541,13200,5.559999942779541
2017-06-28,5.760000228881836,5.619999885559082,5.75,5.619999885559082,9600,5.619999885559082
2017-06-29,5.75,5.550000190734863,5.670000076293945,5.659999847412109,12300,5.659999847412109
2017-06-30,5.730000019073486,5.559999942779541,5.630000114440918,5.590000152587891,9300,5.590000152587891
2017-07-03,5.690000057220459,5.420000076293945,5.599999904632568,5.429999828338623,13900,5.429999828338623
2017-07-05,5.579999923706055,5.440000057220459,5.480000019073486,5.460000038146973,27900,5.460000038146973
2017-07-06,5.590000152587891,5.460000038146973,5.460000038146973,5.519999980926514,17700,5.519999980926514
2017-07-07,5.690000057220459,5.489999771118164,5.489999771118164,5.619999885559082,10800,5.619999885559082
2017-07-10,5.710000038146973,5.670000076293945,5.679999828338623,5.690000057220459,11200,5.690000057220459
2017-07-11,5.980000019073486,5.710000038146973,5.710000038146973,5.860000133514404,32400,5.860000133514404
2017-07-12,5.989999771118164,5.739999771118164,5.860000133514404,5.739999771118164,29100,5.739999771118164
2017-07-13,5.929999828338623,5.539999961853027,5.809999942779541,5.829999923706055,13600,5.829999923706055
2017-07-14,5.900000095367432,5.610000133514404,5.869999885559082,5.610000133514404,19300,5.610000133514404
2017-07-17,5.829999923706055,5.550000190734863,5.550000190734863,5.659999847412109,18500,5.659999847412109
2017-07-18,5.849999904632568,5.670000076293945,5.820000171661377,5.670000076293945,11300,5.670000076293945
2017-07-19,5.829999923706055,5.710000038146973,5.789999961853027,5.71999979019165,7500,5.71999979019165
2017-07-20,5.849999904632568,5.670000076293945,5.78000020980835,5.739999771118164,12300,5.739999771118164
2017-07-21,5.860000133514404,5.679999828338623,5.849999904632568,5.71999979019165,106800,5.71999979019165
2017-07-24,6.0,5.730000019073486,5.78000020980835,5.860000133514404,30300,5.860000133514404
2017-07-25,6.039999961853027,5.679999828338623,5.980000019073486,5.679999828338623,42400,5.679999828338623
2017-07-26,5.78000020980835,5.570000171661377,5.619999885559082,5.619999885559082,24000,5.619999885559082
2017-07-27,5.75,5.539999961853027,5.619999885559082,5.579999923706055,17600,5.579999923706055
2017-07-28,5.760000228881836,5.599999904632568,5.619999885559082,5.599999904632568,18800,5.599999904632568
2017-07-31,5.679999828338623,5.510000228881836,5.53000020980835,5.519999980926514,23000,5.519999980926514
2017-08-01,5.659999847412109,5.5,5.53000020980835,5.53000020980835,17500,5.53000020980835
2017-08-02,5.630000114440918,5.389999866485596,5.630000114440918,5.389999866485596,68300,5.389999866485596
2017-08-03,5.510000228881836,5.349999904632568,5.400000095367432,5.349999904632568,14800,5.349999904632568
2017-08-04,5.480000019073486,5.309999942779541,5.309999942779541,5.360000133514404,15800,5.360000133514404
2017-08-07,5.739999771118164,5.320000171661377,5.320000171661377,5.599999904632568,77000,5.599999904632568
2017-08-08,5.539999961853027,5.389999866485596,5.519999980926514,5.389999866485596,12800,5.389999866485596
2017-08-09,5.440000057220459,5.300000190734863,5.369999885559082,5.300000190734863,32700,5.300000190734863
2017-08-10,5.289999961853027,5.110000133514404,5.260000228881836,5.150000095367432,35700,5.150000095367432
2017-08-11,5.210000038146973,5.039999961853027,5.130000114440918,5.050000190734863,57300,5.050000190734863
2017-08-14,5.190000057220459,5.070000171661377,5.170000076293945,5.170000076293945,25300,5.170000076293945
2017-08-15,5.199999809265137,5.110000133514404,5.159999847412109,5.139999866485596,6700,5.139999866485596
2017-08-16,5.230000019073486,5.159999847412109,5.159999847412109,5.190000057220459,8000,5.190000057220459
2017-08-17,5.199999809265137,5.090000152587891,5.190000057220459,5.110000133514404,10400,5.110000133514404
2017-08-18,5.199999809265137,5.050000190734863,5.090000152587891,5.110000133514404,43600,5.110000133514404
2017-08-21,5.130000114440918,5.039999961853027,5.059999942779541,5.039999961853027,11400,5.039999961853027
2017-08-22,5.130000114440918,5.070000171661377,5.130000114440918,5.070000171661377,8200,5.070000171661377
2017-08-23,5.150000095367432,5.050000190734863,5.130000114440918,5.090000152587891,15000,5.090000152587891
2017-08-24,5.139999866485596,5.079999923706055,5.119999885559082,5.090000152587891,17200,5.090000152587891
2017-08-25,5.320000171661377,5.079999923706055,5.119999885559082,5.239999771118164,15900,5.239999771118164
2017-08-28,5.380000114440918,5.210000038146973,5.260000228881836,5.210000038146973,18200,5.210000038146973
2017-08-29,5.329999923706055,5.210000038146973,5.21999979019165,5.300000190734863,13700,5.300000190734863
2017-08-30,5.329999923706055,5.159999847412109,5.269999980926514,5.199999809265137,16100,5.199999809265137
2017-08-31,5.420000076293945,5.21999979019165,5.25,5.300000190734863,14900,5.300000190734863
2017-09-01,5.46999979019165,5.269999980926514,5.289999961853027,5.300000190734863,9500,5.300000190734863
2017-09-05,5.449999809265137,5.260000228881836,5.260000228881836,5.349999904632568,18300,5.349999904632568
2017-09-06,5.420000076293945,5.260000228881836,5.380000114440918,5.269999980926514,9700,5.269999980926514
2017-09-07,5.380000114440918,5.170000076293945,5.300000190734863,5.170000076293945,15100,5.170000076293945
2017-09-08,5.300000190734863,5.170000076293945,5.199999809265137,5.230000019073486,22900,5.230000019073486
2017-09-11,5.400000095367432,5.190000057220459,5.369999885559082,5.190000057220459,14300,5.190000057220459
2017-09-12,5.349999904632568,5.210000038146973,5.210000038146973,5.230000019073486,10100,5.230000019073486
2017-09-13,5.289999961853027,5.150000095367432,5.28000020980835,5.159999847412109,20300,5.159999847412109
2017-09-14,5.289999961853027,5.170000076293945,5.170000076293945,5.170000076293945,127100,5.170000076293945
2017-09-15,5.289999961853027,5.110000133514404,5.170000076293945,5.199999809265137,56600,5.199999809265137
2017-09-18,5.239999771118164,5.179999828338623,5.210000038146973,5.190000057220459,20200,5.190000057220459
2017-09-19,5.260000228881836,5.110000133514404,5.139999866485596,5.199999809265137,17500,5.199999809265137
2017-09-20,5.25,5.179999828338623,5.25,5.179999828338623,14100,5.179999828338623
2017-09-21,5.21999979019165,5.150000095367432,5.199999809265137,5.179999828338623,15700,5.179999828338623
2017-09-22,5.239999771118164,5.159999847412109,5.210000038146973,5.170000076293945,14800,5.170000076293945
2017-09-25,5.25,5.159999847412109,5.199999809265137,5.159999847412109,16300,5.159999847412109
2017-09-26,5.25,5.170000076293945,5.25,5.199999809265137,16400,5.199999809265137
2017-09-27,5.420000076293945,5.210000038146973,5.210000038146973,5.320000171661377,29200,5.320000171661377
2017-09-28,5.440000057220459,5.28000020980835,5.300000190734863,5.309999942779541,41300,5.309999942779541
2017-09-29,5.570000171661377,5.349999904632568,5.349999904632568,5.360000133514404,31400,5.360000133514404
2017-10-02,5.590000152587891,5.349999904632568,5.590000152587891,5.360000133514404,16400,5.360000133514404
2017-10-03,5.369999885559082,5.329999923706055,5.369999885559082,5.349999904632568,30300,5.349999904632568
2017-10-04,5.46999979019165,5.349999904632568,5.349999904632568,5.360000133514404,9100,5.360000133514404
2017-10-05,5.449999809265137,5.21999979019165,5.449999809265137,5.230000019073486,20800,5.230000019073486
2017-10-06,5.420000076293945,5.25,5.269999980926514,5.320000171661377,33600,5.320000171661377
2017-10-09,5.360000133514404,5.25,5.320000171661377,5.28000020980835,15300,5.28000020980835
2017-10-10,5.329999923706055,5.210000038146973,5.300000190734863,5.309999942779541,36400,5.309999942779541
2017-10-11,5.460000038146973,5.349999904632568,5.349999904632568,5.389999866485596,24200,5.389999866485596
2017-10-12,5.539999961853027,5.28000020980835,5.380000114440918,5.289999961853027,33800,5.289999961853027
2017-10-13,5.389999866485596,5.25,5.28000020980835,5.340000152587891,21400,5.340000152587891
2017-10-16,5.440000057220459,5.329999923706055,5.369999885559082,5.329999923706055,9000,5.329999923706055
2017-10-17,5.400000095367432,5.309999942779541,5.340000152587891,5.349999904632568,62600,5.349999904632568
2017-10-18,5.480000019073486,5.349999904632568,5.46999979019165,5.349999904632568,30500,5.349999904632568
2017-10-19,5.380000114440918,5.300000190734863,5.349999904632568,5.380000114440918,37200,5.380000114440918
2017-10-20,5.380000114440918,5.329999923706055,5.380000114440918,5.349999904632568,62000,5.349999904632568
2017-10-23,5.369999885559082,5.320000171661377,5.349999904632568,5.340000152587891,29500,5.340000152587891
2017-10-24,5.349999904632568,5.130000114440918,5.150000095367432,5.150000095367432,83800,5.150000095367432
2017-10-25,5.239999771118164,5.050000190734863,5.150000095367432,5.150000095367432,128600,5.150000095367432
2017-10-26,5.170000076293945,5.010000228881836,5.130000114440918,5.119999885559082,23800,5.119999885559082
2017-10-27,5.150000095367432,5.019999980926514,5.079999923706055,5.079999923706055,14800,5.079999923706055
2017-10-30,5.090000152587891,5.010000228881836,5.010000228881836,5.039999961853027,30400,5.039999961853027
2017-10-31,5.179999828338623,5.03000020980835,5.099999904632568,5.039999961853027,21700,5.039999961853027
2017-11-01,5.139999866485596,5.039999961853027,5.039999961853027,5.059999942779541,19100,5.059999942779541
2017-11-02,5.119999885559082,4.96999979019165,5.079999923706055,5.090000152587891,24700,5.090000152587891
2017-11-03,5.119999885559082,4.980000019073486,5.039999961853027,5.010000228881836,18700,5.010000228881836
2017-11-06,5.150000095367432,5.010000228881836,5.03000020980835,5.010000228881836,32100,5.010000228881836
2017-11-07,5.099999904632568,5.010000228881836,5.019999980926514,5.050000190734863,32300,5.050000190734863
2017-11-08,5.110000133514404,4.960000038146973,5.050000190734863,4.960000038146973,167800,4.960000038146973
2017-11-09,5.079999923706055,4.900000095367432,4.949999809265137,5.010000228881836,63100,5.010000228881836
2017-11-10,5.119999885559082,4.929999828338623,5.039999961853027,5.019999980926514,51500,5.019999980926514
2017-11-13,5.090000152587891,4.900000095367432,5.03000020980835,5.050000190734863,74400,5.050000190734863
2017-11-14,5.21999979019165,4.909999847412109,5.019999980926514,5.099999904632568,132000,5.099999904632568
2017-11-15,5.210000038146973,5.03000020980835,5.059999942779541,5.150000095367432,18900,5.150000095367432
2017-11-16,5.239999771118164,5.119999885559082,5.179999828338623,5.150000095367432,60200,5.150000095367432
2017-11-17,5.25,5.130000114440918,5.130000114440918,5.190000057220459,28300,5.190000057220459
2017-11-20,5.239999771118164,5.159999847412109,5.230000019073486,5.190000057220459,64900,5.190000057220459
2017-11-21,5.269999980926514,5.059999942779541,5.21999979019165,5.25,41800,5.25
2017-11-22,5.46999979019165,5.25,5.25,5.269999980926514,36500,5.269999980926514
2017-11-24,5.369999885559082,5.039999961853027,5.260000228881836,5.039999961853027,29500,5.039999961853027
2017-11-27,5.289999961853027,5.050000190734863,5.050000190734863,5.179999828338623,21800,5.179999828338623
2017-11-28,5.369999885559082,5.050000190734863,5.360000133514404,5.230000019073486,30200,5.230000019073486
2017-11-29,5.260000228881836,5.150000095367432,5.260000228881836,5.210000038146973,8200,5.210000038146973
2017-11-30,5.269999980926514,5.150000095367432,5.21999979019165,5.190000057220459,18100,5.190000057220459
2017-12-01,5.269999980926514,5.130000114440918,5.150000095367432,5.239999771118164,24500,5.239999771118164
2017-12-04,5.260000228881836,5.170000076293945,5.21999979019165,5.239999771118164,25200,5.239999771118164
2017-12-05,5.230000019073486,5.079999923706055,5.230000019073486,5.210000038146973,54300,5.210000038146973
2017-12-06,5.289999961853027,5.170000076293945,5.289999961853027,5.210000038146973,9600,5.210000038146973
2017-12-07,5.269999980926514,5.139999866485596,5.199999809265137,5.139999866485596,11600,5.139999866485596
2017-12-08,5.21999979019165,5.059999942779541,5.199999809265137,5.139999866485596,15100,5.139999866485596
2017-12-11,5.150000095367432,4.929999828338623,5.139999866485596,4.980000019073486,33700,4.980000019073486
2017-12-12,5.079999923706055,4.949999809265137,4.96999979019165,5.0,13200,5.0
2017-12-13,5.099999904632568,4.980000019073486,5.050000190734863,5.050000190734863,11900,5.050000190734863
2017-12-14,5.110000133514404,5.0,5.010000228881836,5.010000228881836,13100,5.010000228881836
2017-12-15,5.050000190734863,5.0,5.010000228881836,5.0,19500,5.0
2017-12-18,5.230000019073486,5.0,5.0,5.119999885559082,15400,5.119999885559082
2017-12-19,5.25,5.099999904632568,5.099999904632568,5.150000095367432,18900,5.150000095367432
2017-12-20,5.260000228881836,5.179999828338623,5.179999828338623,5.199999809265137,10100,5.199999809265137
2017-12-21,5.239999771118164,5.199999809265137,5.21999979019165,5.21999979019165,11500,5.21999979019165
2017-12-22,5.21999979019165,5.150000095367432,5.199999809265137,5.190000057220459,15800,5.190000057220459
2017-12-26,5.190000057220459,5.099999904632568,5.139999866485596,5.130000114440918,20800,5.130000114440918
2017-12-27,5.190000057220459,5.099999904632568,5.190000057220459,5.119999885559082,8500,5.119999885559082
2017-12-28,5.170000076293945,5.099999904632568,5.110000133514404,5.110000133514404,26900,5.110000133514404
2017-12-29,5.159999847412109,5.099999904632568,5.099999904632568,5.099999904632568,17400,5.099999904632568
2018-01-02,5.289999961853027,5.099999904632568,5.099999904632568,5.199999809265137,19000,5.199999809265137
2018-01-03,5.289999961853027,5.099999904632568,5.199999809265137,5.179999828338623,13600,5.179999828338623
2018-01-04,5.28000020980835,5.099999904632568,5.28000020980835,5.119999885559082,25500,5.119999885559082
2018-01-05,5.300000190734863,5.099999904632568,5.150000095367432,5.170000076293945,70800,5.170000076293945
2018-01-08,5.300000190734863,5.179999828338623,5.199999809265137,5.289999961853027,23800,5.289999961853027
2018-01-09,5.230000019073486,5.119999885559082,5.179999828338623,5.179999828338623,42500,5.179999828338623
2018-01-10,5.269999980926514,4.960000038146973,5.159999847412109,5.070000171661377,76100,5.070000171661377
2018-01-11,5.150000095367432,5.059999942779541,5.099999904632568,5.130000114440918,30400,5.130000114440918
2018-01-12,5.199999809265137,5.070000171661377,5.159999847412109,5.110000133514404,31100,5.110000133514404
2018-01-16,5.179999828338623,5.110000133514404,5.139999866485596,5.139999866485596,19200,5.139999866485596
2018-01-17,5.150000095367432,5.119999885559082,5.130000114440918,5.119999885559082,7400,5.119999885559082
2018-01-18,5.159999847412109,4.949999809265137,5.159999847412109,4.96999979019165,24400,4.96999979019165
2018-01-19,5.25,5.0,5.0,5.090000152587891,96200,5.090000152587891
2018-01-22,5.099999904632568,5.010000228881836,5.090000152587891,5.050000190734863,21600,5.050000190734863
2018-01-23,5.050000190734863,5.010000228881836,5.039999961853027,5.050000190734863,13500,5.050000190734863
2018-01-24,5.25,5.03000020980835,5.059999942779541,5.139999866485596,129400,5.139999866485596
2018-01-25,5.25,5.159999847412109,5.190000057220459,5.179999828338623,13600,5.179999828338623
2018-01-26,5.300000190734863,5.190000057220459,5.190000057220459,5.289999961853027,20300,5.289999961853027
2018-01-29,5.320000171661377,5.150000095367432,5.289999961853027,5.21999979019165,30600,5.21999979019165
2018-01-30,5.289999961853027,5.159999847412109,5.159999847412109,5.230000019073486,16300,5.230000019073486
2018-01-31,5.300000190734863,5.159999847412109,5.230000019073486,5.199999809265137,12100,5.199999809265137
2018-02-01,5.340000152587891,5.170000076293945,5.170000076293945,5.309999942779541,26000,5.309999942779541
2018-02-02,5.389999866485596,5.239999771118164,5.300000190734863,5.349999904632568,28600,5.349999904632568
2018-02-05,5.360000133514404,5.119999885559082,5.360000133514404,5.210000038146973,25400,5.210000038146973
2018-02-06,5.300000190734863,5.130000114440918,5.130000114440918,5.21999979019165,54100,5.21999979019165
2018-02-07,5.329999923706055,5.230000019073486,5.289999961853027,5.230000019073486,11000,5.230000019073486
2018-02-08,5.380000114440918,5.170000076293945,5.21999979019165,5.21999979019165,9700,5.21999979019165
2018-02-09,5.349999904632568,5.21999979019165,5.289999961853027,5.320000171661377,19100,5.320000171661377
2018-02-12,5.320000171661377,5.199999809265137,5.320000171661377,5.260000228881836,41400,5.260000228881836
2018-02-13,5.260000228881836,5.150000095367432,5.260000228881836,5.260000228881836,20300,5.260000228881836
2018-02-14,5.260000228881836,5.170000076293945,5.170000076293945,5.239999771118164,5200,5.239999771118164
2018-02-15,5.340000152587891,5.159999847412109,5.260000228881836,5.289999961853027,41900,5.289999961853027
2018-02-16,5.949999809265137,5.309999942779541,5.349999904632568,5.869999885559082,238600,5.869999885559082
2018-02-20,6.449999809265137,5.860000133514404,5.860000133514404,6.449999809265137,461200,6.449999809265137
2018-02-21,6.679999828338623,6.309999942779541,6.320000171661377,6.650000095367432,147100,6.650000095367432
2018-02-22,7.320000171661377,6.630000114440918,6.630000114440918,7.230000019073486,302900,7.230000019073486
2018-02-23,7.519999980926514,7.210000038146973,7.260000228881836,7.460000038146973,167100,7.460000038146973
2018-02-26,8.359999656677246,7.559999942779541,7.559999942779541,7.929999828338623,236700,7.929999828338623
2018-02-27,7.989999771118164,7.670000076293945,7.989999771118164,7.800000190734863,160600,7.800000190734863
2018-02-28,8.100000381469727,7.599999904632568,7.840000152587891,7.96999979019165,141600,7.96999979019165
2018-03-01,8.0,7.820000171661377,7.989999771118164,7.909999847412109,85000,7.909999847412109
2018-03-02,8.050000190734863,7.559999942779541,7.849999904632568,8.029999732971191,121600,8.029999732971191
2018-03-05,8.039999961853027,7.690000057220459,7.940000057220459,7.829999923706055,131500,7.829999923706055
2018-03-06,8.100000381469727,7.849999904632568,7.96999979019165,8.069999694824219,100300,8.069999694824219
2018-03-07,8.489999771118164,8.0,8.029999732971191,8.329999923706055,119700,8.329999923706055
2018-03-08,8.350000381469727,8.149999618530273,8.34000015258789,8.350000381469727,89900,8.350000381469727
2018-03-09,8.380000114440918,7.519999980926514,8.380000114440918,8.319999694824219,114500,8.319999694824219
2018-03-12,8.399999618530273,7.960000038146973,8.300000190734863,8.180000305175781,110400,8.180000305175781
2018-03-13,8.199999809265137,7.929999828338623,8.170000076293945,8.0,134800,8.0
2018-03-14,8.050000190734863,7.920000076293945,8.020000457763672,7.960000038146973,65400,7.960000038146973
2018-03-15,8.050000190734863,7.849999904632568,7.909999847412109,7.880000114440918,59900,7.880000114440918
2018-03-16,8.619999885559082,8.25,8.25,8.289999961853027,225200,8.289999961853027
2018-03-19,8.350000381469727,8.100000381469727,8.260000228881836,8.180000305175781,136300,8.180000305175781
2018-03-20,8.279999732971191,8.170000076293945,8.170000076293945,8.180000305175781,163500,8.180000305175781
2018-03-21,8.239999771118164,8.170000076293945,8.180000305175781,8.180000305175781,75400,8.180000305175781
2018-03-22,8.170000076293945,8.069999694824219,8.140000343322754,8.079999923706055,85000,8.079999923706055
2018-03-23,8.09000015258789,8.039999961853027,8.069999694824219,8.050000190734863,91800,8.050000190734863
2018-03-26,8.199999809265137,8.010000228881836,8.0600004196167,8.170000076293945,107200,8.170000076293945
2018-03-27,8.210000038146973,8.09000015258789,8.210000038146973,8.109999656677246,77600,8.109999656677246
2018-03-28,8.149999618530273,8.09000015258789,8.100000381469727,8.100000381469727,61500,8.100000381469727
2018-03-29,8.25,8.109999656677246,8.109999656677246,8.1899995803833,83500,8.1899995803833
2018-04-02,8.279999732971191,7.960000038146973,8.1899995803833,8.100000381469727,117800,8.100000381469727
2018-04-03,8.25,8.140000343322754,8.15999984741211,8.199999809265137,141800,8.199999809265137
2018-04-04,8.239999771118164,8.119999885559082,8.119999885559082,8.210000038146973,63100,8.210000038146973
2018-04-05,8.289999961853027,8.170000076293945,8.170000076293945,8.239999771118164,80600,8.239999771118164
2018-04-06,8.5,8.239999771118164,8.239999771118164,8.279999732971191,79500,8.279999732971191
2018-04-09,8.489999771118164,8.149999618530273,8.289999961853027,8.25,125400,8.25
2018-04-10,8.319999694824219,8.079999923706055,8.3100004196167,8.270000457763672,151700,8.270000457763672
2018-04-11,8.479999542236328,8.229999542236328,8.270000457763672,8.239999771118164,79300,8.239999771118164
2018-04-12,8.5,8.229999542236328,8.229999542236328,8.420000076293945,123700,8.420000076293945
2018-04-13,8.489999771118164,8.220000267028809,8.40999984741211,8.279999732971191,111500,8.279999732971191
2018-04-16,8.539999961853027,8.300000190734863,8.3100004196167,8.420000076293945,246600,8.420000076293945
2018-04-17,8.949999809265137,8.350000381469727,8.350000381469727,8.6899995803833,158400,8.6899995803833
2018-04-18,9.619999885559082,8.510000228881836,8.869999885559082,8.75,120800,8.75
2018-04-19,9.220000267028809,8.600000381469727,8.600000381469727,9.109999656677246,85100,9.109999656677246
2018-04-20,9.300000190734863,8.300000190734863,8.899999618530273,9.239999771118164,102400,9.239999771118164
2018-04-23,9.329999923706055,8.380000114440918,9.239999771118164,8.489999771118164,109800,8.489999771118164
2018-04-24,8.630000114440918,8.25,8.449999809265137,8.25,61600,8.25
2018-04-25,8.25,7.650000095367432,8.229999542236328,7.909999847412109,145800,7.909999847412109
2018-04-26,8.180000305175781,7.659999847412109,7.900000095367432,7.860000133514404,56700,7.860000133514404
2018-04-27,8.079999923706055,7.760000228881836,7.829999923706055,7.840000152587891,36500,7.840000152587891
2018-04-30,7.949999809265137,7.650000095367432,7.829999923706055,7.670000076293945,42900,7.670000076293945
2018-05-01,8.039999961853027,7.489999771118164,7.849999904632568,7.489999771118164,63200,7.489999771118164
2018-05-02,7.690000057220459,7.210000038146973,7.480000019073486,7.590000152587891,30000,7.590000152587891
2018-05-03,7.630000114440918,7.400000095367432,7.630000114440918,7.489999771118164,16100,7.489999771118164
2018-05-04,7.519999980926514,7.309999942779541,7.449999809265137,7.429999828338623,26000,7.429999828338623
2018-05-07,7.420000076293945,6.849999904632568,7.420000076293945,6.900000095367432,57300,6.900000095367432
2018-05-08,7.159999847412109,6.840000152587891,6.849999904632568,6.929999828338623,41800,6.929999828338623
2018-05-09,6.960000038146973,6.260000228881836,6.909999847412109,6.309999942779541,140300,6.309999942779541
2018-05-10,6.820000171661377,6.260000228881836,6.28000020980835,6.650000095367432,39500,6.650000095367432
2018-05-11,7.150000095367432,6.46999979019165,6.659999847412109,6.949999809265137,53100,6.949999809265137
2018-05-14,6.989999771118164,6.360000133514404,6.900000095367432,6.710000038146973,122100,6.710000038146973
2018-05-15,6.900000095367432,6.619999885559082,6.659999847412109,6.699999809265137,107400,6.699999809265137
2018-05-16,6.789999961853027,6.5,6.730000019073486,6.699999809265137,95700,6.699999809265137
2018-05-17,6.920000076293945,6.610000133514404,6.71999979019165,6.769999980926514,50600,6.769999980926514
2018-05-18,6.840000152587891,6.71999979019165,6.769999980926514,6.769999980926514,38900,6.769999980926514
2018-05-21,6.789999961853027,6.389999866485596,6.789999961853027,6.670000076293945,281900,6.670000076293945
2018-05-22,7.050000190734863,6.639999866485596,6.639999866485596,6.889999866485596,28500,6.889999866485596
2018-05-23,7.039999961853027,6.769999980926514,6.900000095367432,6.860000133514404,67900,6.860000133514404
2018-05-24,7.110000133514404,6.650000095367432,6.869999885559082,7.019999980926514,27400,7.019999980926514
2018-05-25,7.159999847412109,6.909999847412109,7.059999942779541,7.150000095367432,44200,7.150000095367432
2018-05-29,7.340000152587891,7.130000114440918,7.130000114440918,7.230000019073486,25000,7.230000019073486
2018-05-30,7.400000095367432,7.25,7.300000190734863,7.25,41400,7.25
2018-05-31,7.400000095367432,7.21999979019165,7.260000228881836,7.28000020980835,43400,7.28000020980835
2018-06-01,7.340000152587891,7.239999771118164,7.25,7.340000152587891,32200,7.340000152587891
2018-06-04,7.429999828338623,7.329999923706055,7.360000133514404,7.369999885559082,22400,7.369999885559082
2018-06-05,7.46999979019165,7.210000038146973,7.329999923706055,7.420000076293945,24000,7.420000076293945
2018-06-06,7.46999979019165,6.920000076293945,6.920000076293945,7.380000114440918,47200,7.380000114440918
2018-06-07,7.53000020980835,6.78000020980835,6.940000057220459,7.389999866485596,24600,7.389999866485596
2018-06-08,7.409999847412109,7.050000190734863,7.400000095367432,7.380000114440918,16300,7.380000114440918
2018-06-11,7.389999866485596,7.25,7.329999923706055,7.289999961853027,9900,7.289999961853027
2018-06-12,7.300000190734863,7.090000152587891,7.300000190734863,7.230000019073486,47200,7.230000019073486
2018-06-13,7.360000133514404,7.260000228881836,7.269999980926514,7.300000190734863,12500,7.300000190734863
2018-06-14,7.699999809265137,7.199999809265137,7.300000190734863,7.599999904632568,77100,7.599999904632568
2018-06-15,8.0,7.630000114440918,8.0,7.630000114440918,73700,7.630000114440918
2018-06-18,7.849999904632568,7.639999866485596,7.800000190734863,7.800000190734863,85100,7.800000190734863
2018-06-19,7.789999961853027,7.590000152587891,7.730000019073486,7.679999828338623,27600,7.679999828338623
2018-06-20,7.880000114440918,7.650000095367432,7.650000095367432,7.829999923706055,45400,7.829999923706055
2018-06-21,7.849999904632568,7.679999828338623,7.849999904632568,7.789999961853027,49300,7.789999961853027
2018-06-22,7.849999904632568,7.690000057220459,7.809999942779541,7.699999809265137,21100,7.699999809265137
2018-06-25,7.679999828338623,7.409999847412109,7.679999828338623,7.440000057220459,36500,7.440000057220459
2018-06-26,7.550000190734863,7.340000152587891,7.360000133514404,7.510000228881836,33400,7.510000228881836
2018-06-27,7.659999847412109,7.489999771118164,7.539999961853027,7.519999980926514,27500,7.519999980926514
2018-06-28,7.610000133514404,7.510000228881836,7.559999942779541,7.599999904632568,35900,7.599999904632568
2018-06-29,7.760000228881836,7.579999923706055,7.630000114440918,7.739999771118164,36600,7.739999771118164
2018-07-02,7.880000114440918,7.519999980926514,7.679999828338623,7.869999885559082,33700,7.869999885559082
2018-07-03,7.909999847412109,7.5,7.889999866485596,7.840000152587891,19300,7.840000152587891
2018-07-05,7.900000095367432,7.730000019073486,7.75,7.789999961853027,13000,7.789999961853027
2018-07-06,7.789999961853027,7.670000076293945,7.789999961853027,7.730000019073486,16800,7.730000019073486
2018-07-09,7.849999904632568,7.630000114440918,7.730000019073486,7.699999809265137,39700,7.699999809265137
2018-07-10,7.860000133514404,7.679999828338623,7.699999809265137,7.78000020980835,50500,7.78000020980835
2018-07-11,8.100000381469727,7.710000038146973,7.789999961853027,8.010000228881836,62800,8.010000228881836
2018-07-12,8.140000343322754,7.960000038146973,8.039999961853027,8.140000343322754,37000,8.140000343322754
2018-07-13,8.300000190734863,8.09000015258789,8.100000381469727,8.210000038146973,56000,8.210000038146973
2018-07-16,8.1899995803833,8.0,8.1899995803833,8.09000015258789,42100,8.09000015258789
2018-07-17,8.0600004196167,7.329999923706055,8.029999732971191,7.329999923706055,78100,7.329999923706055
2018-07-18,7.519999980926514,7.070000171661377,7.420000076293945,7.449999809265137,93500,7.449999809265137
2018-07-19,7.150000095367432,6.510000228881836,7.050000190734863,7.019999980926514,326400,7.019999980926514
2018-07-20,7.150000095367432,6.960000038146973,7.0,6.989999771118164,74900,6.989999771118164
2018-07-23,6.96999979019165,6.75,6.949999809265137,6.869999885559082,56300,6.869999885559082
2018-07-24,6.880000114440918,6.53000020980835,6.820000171661377,6.539999961853027,61300,6.539999961853027
2018-07-25,6.659999847412109,6.449999809265137,6.519999980926514,6.480000019073486,69800,6.480000019073486
2018-07-26,6.550000190734863,6.46999979019165,6.46999979019165,6.489999771118164,25900,6.489999771118164
2018-07-27,6.659999847412109,6.409999847412109,6.659999847412109,6.449999809265137,34700,6.449999809265137
2018-07-30,6.590000152587891,6.409999847412109,6.460000038146973,6.409999847412109,31300,6.409999847412109
2018-07-31,6.389999866485596,5.840000152587891,6.369999885559082,6.019999980926514,251500,6.019999980926514
2018-08-01,6.420000076293945,5.949999809265137,6.050000190734863,6.150000095367432,118100,6.150000095367432
2018-08-02,6.309999942779541,5.900000095367432,6.110000133514404,6.210000038146973,130800,6.210000038146973
2018-08-03,6.21999979019165,6.050000190734863,6.170000076293945,6.119999885559082,16700,6.119999885559082
2018-08-06,6.269999980926514,6.099999904632568,6.21999979019165,6.199999809265137,7700,6.199999809265137
2018-08-07,6.239999771118164,6.010000228881836,6.150000095367432,6.119999885559082,16500,6.119999885559082
2018-08-08,6.110000133514404,5.900000095367432,6.070000171661377,5.909999847412109,23200,5.909999847412109
2018-08-09,5.96999979019165,5.840000152587891,5.949999809265137,5.860000133514404,9700,5.860000133514404
2018-08-10,5.840000152587891,5.760000228881836,5.840000152587891,5.760000228881836,17400,5.760000228881836
2018-08-13,5.78000020980835,5.710000038146973,5.760000228881836,5.71999979019165,19400,5.71999979019165
2018-08-14,5.849999904632568,5.739999771118164,5.789999961853027,5.849999904632568,26500,5.849999904632568
2018-08-15,5.860000133514404,5.710000038146973,5.710000038146973,5.760000228881836,17400,5.760000228881836
2018-08-16,5.809999942779541,5.699999809265137,5.800000190734863,5.75,19200,5.75
2018-08-17,6.039999961853027,5.610000133514404,5.679999828338623,5.949999809265137,89300,5.949999809265137
2018-08-20,6.090000152587891,5.849999904632568,5.849999904632568,5.989999771118164,24700,5.989999771118164
2018-08-21,6.239999771118164,5.820000171661377,6.150000095367432,5.96999979019165,34700,5.96999979019165
2018-08-22,6.300000190734863,5.940000057220459,5.980000019073486,6.119999885559082,5300,6.119999885559082
2018-08-23,6.349999904632568,5.980000019073486,6.150000095367432,5.980000019073486,7100,5.980000019073486
2018-08-24,6.170000076293945,6.0,6.010000228881836,6.019999980926514,17900,6.019999980926514
2018-08-27,6.119999885559082,6.039999961853027,6.070000171661377,6.039999961853027,15200,6.039999961853027
2018-08-28,6.03000020980835,5.929999828338623,6.03000020980835,5.96999979019165,37500,5.96999979019165
2018-08-29,6.0,5.960000038146973,5.960000038146973,6.0,9300,6.0
2018-08-30,5.989999771118164,5.929999828338623,5.940000057220459,5.960000038146973,13500,5.960000038146973
2018-08-31,6.0,5.820000171661377,6.0,5.840000152587891,28200,5.840000152587891
2018-09-04,5.880000114440918,5.739999771118164,5.840000152587891,5.739999771118164,20600,5.739999771118164
2018-09-05,5.920000076293945,5.690000057220459,5.75,5.829999923706055,76100,5.829999923706055
2018-09-06,5.860000133514404,5.710000038146973,5.860000133514404,5.78000020980835,13400,5.78000020980835
2018-09-07,5.989999771118164,5.679999828338623,5.78000020980835,5.739999771118164,22100,5.739999771118164
2018-09-10,5.650000095367432,5.559999942779541,5.650000095367432,5.559999942779541,10700,5.559999942779541
2018-09-11,5.659999847412109,5.539999961853027,5.559999942779541,5.590000152587891,9400,5.590000152587891
2018-09-12,5.630000114440918,5.510000228881836,5.599999904632568,5.539999961853027,14900,5.539999961853027
2018-09-13,5.619999885559082,5.380000114440918,5.539999961853027,5.440000057220459,48100,5.440000057220459
2018-09-14,5.570000171661377,5.329999923706055,5.440000057220459,5.329999923706055,15800,5.329999923706055
2018-09-17,5.429999828338623,5.28000020980835,5.309999942779541,5.320000171661377,18400,5.320000171661377
2018-09-18,5.300000190734863,5.159999847412109,5.300000190734863,5.159999847412109,32100,5.159999847412109
2018-09-19,5.449999809265137,5.159999847412109,5.159999847412109,5.329999923706055,63700,5.329999923706055
2018-09-20,5.639999866485596,5.369999885559082,5.480000019073486,5.409999847412109,43500,5.409999847412109
2018-09-21,5.690000057220459,5.21999979019165,5.449999809265137,5.400000095367432,41200,5.400000095367432
2018-09-24,5.449999809265137,5.329999923706055,5.440000057220459,5.440000057220459,8600,5.440000057220459
2018-09-25,5.340000152587891,5.289999961853027,5.300000190734863,5.340000152587891,11300,5.340000152587891
2018-09-26,5.420000076293945,5.21999979019165,5.309999942779541,5.260000228881836,35400,5.260000228881836
2018-09-27,5.489999771118164,5.25,5.289999961853027,5.28000020980835,17900,5.28000020980835
2018-09-28,5.380000114440918,5.21999979019165,5.269999980926514,5.21999979019165,22300,5.21999979019165
2018-10-01,5.78000020980835,5.300000190734863,5.300000190734863,5.650000095367432,27300,5.650000095367432
2018-10-02,5.920000076293945,5.349999904632568,5.610000133514404,5.380000114440918,40700,5.380000114440918
2018-10-03,5.880000114440918,5.449999809265137,5.880000114440918,5.460000038146973,13200,5.460000038146973
2018-10-04,5.53000020980835,5.329999923706055,5.53000020980835,5.460000038146973,8400,5.460000038146973
2018-10-05,5.590000152587891,5.300000190734863,5.449999809265137,5.309999942779541,8300,5.309999942779541
2018-10-08,5.349999904632568,5.179999828338623,5.300000190734863,5.179999828338623,15500,5.179999828338623
2018-10-09,5.210000038146973,5.179999828338623,5.199999809265137,5.199999809265137,23600,5.199999809265137
2018-10-10,5.170000076293945,5.050000190734863,5.159999847412109,5.050000190734863,22200,5.050000190734863
2018-10-11,5.730000019073486,4.980000019073486,5.059999942779541,5.260000228881836,147300,5.260000228881836
2018-10-12,5.300000190734863,4.980000019073486,5.300000190734863,5.21999979019165,52100,5.21999979019165
2018-10-15,5.539999961853027,5.079999923706055,5.539999961853027,5.110000133514404,22100,5.110000133514404
2018-10-16,5.400000095367432,5.110000133514404,5.21999979019165,5.150000095367432,26800,5.150000095367432
2018-10-17,5.449999809265137,5.110000133514404,5.150000095367432,5.340000152587891,19800,5.340000152587891
2018-10-18,5.53000020980835,4.869999885559082,5.300000190734863,4.920000076293945,166500,4.920000076293945
2018-10-19,5.059999942779541,4.829999923706055,5.019999980926514,4.829999923706055,26800,4.829999923706055
2018-10-22,4.900000095367432,4.78000020980835,4.849999904632568,4.849999904632568,49100,4.849999904632568
2018-10-23,4.980000019073486,4.75,4.769999980926514,4.920000076293945,86800,4.920000076293945
2018-10-24,5.050000190734863,4.75,4.840000152587891,4.760000228881836,51500,4.760000228881836
2018-10-25,4.829999923706055,4.460000038146973,4.75,4.489999771118164,166600,4.489999771118164
2018-10-26,4.619999885559082,4.369999885559082,4.489999771118164,4.429999828338623,127000,4.429999828338623
2018-10-29,4.510000228881836,4.400000095367432,4.429999828338623,4.420000076293945,38000,4.420000076293945
2018-10-30,4.510000228881836,4.400000095367432,4.429999828338623,4.489999771118164,86700,4.489999771118164
2018-10-31,4.75,4.449999809265137,4.449999809265137,4.730000019073486,12600,4.730000019073486
2018-11-01,4.880000114440918,4.650000095367432,4.699999809265137,4.840000152587891,38900,4.840000152587891
2018-11-02,4.96999979019165,4.699999809265137,4.96999979019165,4.699999809265137,6800,4.699999809265137
2018-11-05,4.699999809265137,4.449999809265137,4.699999809265137,4.519999980926514,14300,4.519999980926514
2018-11-06,4.679999828338623,4.429999828338623,4.559999942779541,4.489999771118164,31900,4.489999771118164
2018-11-07,4.690000057220459,4.489999771118164,4.489999771118164,4.679999828338623,14400,4.679999828338623
2018-11-08,4.650000095367432,4.5,4.650000095367432,4.590000152587891,8500,4.590000152587891
2018-11-09,4.650000095367432,4.46999979019165,4.599999904632568,4.550000190734863,8200,4.550000190734863
2018-11-12,4.679999828338623,4.400000095367432,4.550000190734863,4.400000095367432,41100,4.400000095367432
2018-11-13,4.559999942779541,4.309999942779541,4.409999847412109,4.320000171661377,18200,4.320000171661377
2018-11-14,4.480000019073486,4.309999942779541,4.440000057220459,4.340000152587891,9300,4.340000152587891
2018-11-15,4.510000228881836,4.300000190734863,4.340000152587891,4.46999979019165,23900,4.46999979019165
2018-11-16,4.639999866485596,4.349999904632568,4.639999866485596,4.360000133514404,11800,4.360000133514404
2018-11-19,4.480000019073486,4.300000190734863,4.300000190734863,4.349999904632568,100000,4.349999904632568
2018-11-20,4.400000095367432,4.210000038146973,4.400000095367432,4.340000152587891,71500,4.340000152587891
2018-11-21,4.389999866485596,4.269999980926514,4.340000152587891,4.300000190734863,31300,4.300000190734863
2018-11-23,4.380000114440918,4.25,4.28000020980835,4.309999942779541,8700,4.309999942779541
2018-11-26,4.380000114440918,4.309999942779541,4.309999942779541,4.329999923706055,37600,4.329999923706055
2018-11-27,4.400000095367432,4.269999980926514,4.269999980926514,4.400000095367432,26400,4.400000095367432
2018-11-28,4.639999866485596,4.329999923706055,4.360000133514404,4.46999979019165,12900,4.46999979019165
2018-11-29,4.5,4.300000190734863,4.449999809265137,4.5,26000,4.5
2018-11-30,4.519999980926514,4.420000076293945,4.420000076293945,4.449999809265137,30300,4.449999809265137
2018-12-03,4.53000020980835,4.300000190734863,4.5,4.510000228881836,20000,4.510000228881836
2018-12-04,4.519999980926514,4.360000133514404,4.519999980926514,4.389999866485596,50900,4.389999866485596
2018-12-06,4.460000038146973,4.349999904632568,4.429999828338623,4.369999885559082,44800,4.369999885559082
2018-12-07,4.440000057220459,4.309999942779541,4.380000114440918,4.369999885559082,8700,4.369999885559082
2018-12-10,4.380000114440918,4.25,4.340000152587891,4.269999980926514,115000,4.269999980926514
2018-12-11,4.300000190734863,4.25,4.25,4.25,14200,4.25
2018-12-12,4.309999942779541,4.179999828338623,4.309999942779541,4.190000057220459,37800,4.190000057220459
2018-12-13,4.21999979019165,4.159999847412109,4.179999828338623,4.199999809265137,16000,4.199999809265137
2018-12-14,4.420000076293945,4.199999809265137,4.199999809265137,4.320000171661377,34500,4.320000171661377
2018-12-17,4.300000190734863,4.159999847412109,4.260000228881836,4.190000057220459,34200,4.190000057220459
2018-12-18,4.309999942779541,4.150000095367432,4.159999847412109,4.150000095367432,26400,4.150000095367432
2018-12-19,4.199999809265137,4.119999885559082,4.159999847412109,4.179999828338623,21900,4.179999828338623
2018-12-20,4.179999828338623,4.099999904632568,4.139999866485596,4.099999904632568,30200,4.099999904632568
2018-12-21,4.139999866485596,3.9000000953674316,4.090000152587891,3.9800000190734863,23500,3.9800000190734863
2018-12-24,3.9200000762939453,3.8499999046325684,3.9200000762939453,3.8499999046325684,3600,3.8499999046325684
2018-12-26,4.110000133514404,3.880000114440918,4.099999904632568,4.070000171661377,23700,4.070000171661377
2018-12-27,4.099999904632568,3.9600000381469727,4.03000020980835,4.050000190734863,6500,4.050000190734863
2018-12-28,4.130000114440918,4.0,4.039999961853027,4.070000171661377,24100,4.070000171661377
2018-12-31,4.130000114440918,3.9600000381469727,4.130000114440918,4.079999923706055,12700,4.079999923706055
