Date,High,Low,Open,Close,Volume,Adj Close
2017-01-03,53.130001068115234,52.290000915527344,52.349998474121094,52.9900016784668,625400.0,52.137672424316406
2017-01-04,53.58000183105469,52.869998931884766,53.18000030517578,53.29999923706055,497300.0,52.442691802978516
2017-01-05,53.45000076293945,52.58000183105469,53.2599983215332,52.72999954223633,574500.0,51.881858825683594
2017-01-06,53.54999923706055,52.619998931884766,52.65999984741211,53.11000061035156,1180100.0,52.255741119384766
2017-01-09,53.869998931884766,53.13999938964844,53.13999938964844,53.54999923706055,705800.0,52.68866729736328
2017-01-10,53.7400016784668,53.31999969482422,53.7400016784668,53.34000015258789,679500.0,52.48204803466797
2017-01-11,53.58000183105469,52.36000061035156,53.15999984741211,53.040000915527344,629600.0,52.18687438964844
2017-01-12,53.0,52.41999816894531,52.97999954223633,52.959999084472656,931700.0,52.108154296875
2017-01-13,54.060001373291016,53.0099983215332,53.0099983215332,53.900001525878906,778600.0,53.03303909301758
2017-01-17,53.58000183105469,52.900001525878906,53.58000183105469,52.93000030517578,767000.0,52.07863998413086
2017-01-18,53.040000915527344,52.290000915527344,52.90999984741211,52.43000030517578,705900.0,51.65499496459961
2017-01-19,52.77000045776367,51.959999084472656,52.099998474121094,52.119998931884766,728400.0,51.34958267211914
2017-01-20,52.36000061035156,51.630001068115234,52.25,51.709999084472656,470100.0,50.94563674926758
2017-01-23,51.900001525878906,51.43000030517578,51.43000030517578,51.689998626708984,725200.0,50.92593002319336
2017-01-24,52.22999954223633,51.060001373291016,52.0,51.56999969482422,686500.0,50.807708740234375
2017-01-25,52.70000076293945,51.58000183105469,51.720001220703125,52.279998779296875,619000.0,51.50721740722656
2017-01-26,52.459999084472656,51.720001220703125,52.290000915527344,52.060001373291016,437500.0,51.290470123291016
2017-01-27,52.720001220703125,52.0099983215332,52.09000015258789,52.31999969482422,468400.0,51.5466194152832
2017-01-30,52.2599983215332,51.41999816894531,52.220001220703125,51.79999923706055,588100.0,51.034305572509766
2017-01-31,53.189998626708984,51.7400016784668,51.849998474121094,53.189998626708984,607800.0,52.40375518798828
2017-02-01,53.959999084472656,53.099998474121094,53.150001525878906,53.7599983215332,742200.0,52.96533966064453
2017-02-02,54.0,53.189998626708984,53.560001373291016,53.849998474121094,1032200.0,53.05399703979492
2017-02-03,53.66999816894531,50.59000015258789,51.0,52.16999816894531,2022500.0,51.398841857910156
2017-02-06,52.459999084472656,51.7599983215332,52.09000015258789,52.31999969482422,725100.0,51.5466194152832
2017-02-07,53.04999923706055,52.25,52.36000061035156,52.689998626708984,811000.0,51.9111442565918
2017-02-08,53.560001373291016,52.630001068115234,52.70000076293945,53.209999084472656,758300.0,52.42347717285156
2017-02-09,54.18000030517578,53.15999984741211,53.209999084472656,53.72999954223633,603100.0,52.93577575683594
2017-02-10,54.119998931884766,53.630001068115234,53.790000915527344,53.970001220703125,569000.0,53.1722297668457
2017-02-13,54.540000915527344,54.0,54.02000045776367,54.38999938964844,561800.0,53.586021423339844
2017-02-14,54.47999954223633,53.9900016784668,54.209999084472656,54.400001525878906,577000.0,53.595882415771484
2017-02-15,55.66999816894531,54.25,54.33000183105469,55.54999923706055,1078200.0,54.7288703918457
2017-02-16,55.619998931884766,55.060001373291016,55.40999984741211,55.31999969482422,701400.0,54.50227737426758
2017-02-17,55.939998626708984,55.130001068115234,55.130001068115234,55.939998626708984,405300.0,55.11311340332031
2017-02-21,56.13999938964844,55.400001525878906,55.90999984741211,55.65999984741211,592400.0,54.837257385253906
2017-02-22,55.68000030517578,55.18000030517578,55.4900016784668,55.20000076293945,425200.0,54.384056091308594
2017-02-23,55.45000076293945,54.619998931884766,55.369998931884766,55.11000061035156,554000.0,54.29538345336914
2017-02-24,55.130001068115234,54.65999984741211,54.779998779296875,55.040000915527344,971900.0,54.22642135620117
2017-02-27,55.209999084472656,54.81999969482422,54.90999984741211,54.9900016784668,565600.0,54.177154541015625
2017-02-28,54.91999816894531,54.209999084472656,54.77000045776367,54.2599983215332,588000.0,53.45793914794922
2017-03-01,55.43000030517578,54.619998931884766,54.689998626708984,55.25,942800.0,54.433311462402344
2017-03-02,55.459999084472656,54.56999969482422,55.09000015258789,54.619998931884766,714600.0,53.8126220703125
2017-03-03,54.970001220703125,54.529998779296875,54.59000015258789,54.939998626708984,469800.0,54.12788772583008
2017-03-06,54.75,54.2400016784668,54.58000183105469,54.279998779296875,587600.0,53.47764587402344
2017-03-07,54.400001525878906,53.970001220703125,54.06999969482422,54.08000183105469,383500.0,53.280609130859375
2017-03-08,54.650001525878906,54.0099983215332,54.099998474121094,54.38999938964844,383200.0,53.586021423339844
2017-03-09,55.04999923706055,54.43000030517578,54.61000061035156,54.77000045776367,444900.0,53.96040725708008
2017-03-10,55.7599983215332,54.880001068115234,54.970001220703125,55.59000015258789,843400.0,54.768280029296875
2017-03-13,55.88999938964844,55.220001220703125,55.68000030517578,55.84000015258789,666300.0,55.014591217041016
2017-03-14,55.880001068115234,55.40999984741211,55.72999954223633,55.81999969482422,437700.0,54.99488067626953
2017-03-15,56.959999084472656,55.91999816894531,56.0,56.81999969482422,794300.0,55.98009490966797
2017-03-16,56.810001373291016,55.54999923706055,56.47999954223633,56.119998931884766,940400.0,55.29044723510742
2017-03-17,57.349998474121094,56.06999969482422,56.2400016784668,57.27000045776367,1139900.0,56.4234504699707
2017-03-20,57.31999969482422,56.790000915527344,57.27000045776367,57.13999938964844,981800.0,56.295372009277344
2017-03-21,57.70000076293945,57.06999969482422,57.31999969482422,57.27000045776367,1159100.0,56.4234504699707
2017-03-22,57.470001220703125,56.810001373291016,57.2599983215332,57.189998626708984,551200.0,56.344627380371094
2017-03-23,57.880001068115234,56.959999084472656,57.040000915527344,57.59000015258789,567000.0,56.73871612548828
2017-03-24,58.08000183105469,57.380001068115234,57.56999969482422,57.52000045776367,598200.0,56.66975021362305
2017-03-27,58.369998931884766,57.2400016784668,57.68000030517578,58.029998779296875,1322800.0,57.172218322753906
2017-03-28,58.2599983215332,57.58000183105469,58.119998931884766,57.959999084472656,679500.0,57.1032600402832
2017-03-29,58.0,57.560001373291016,57.83000183105469,57.90999984741211,326900.0,57.05399703979492
2017-03-30,58.189998626708984,57.77000045776367,57.77000045776367,57.90999984741211,381100.0,57.05399703979492
2017-03-31,58.31999969482422,57.66999816894531,57.95000076293945,58.060001373291016,443300.0,57.201778411865234
2017-04-03,58.400001525878906,57.84000015258789,58.029998779296875,58.0,689800.0,57.14266586303711
2017-04-04,58.06999969482422,57.349998474121094,57.9900016784668,57.459999084472656,531900.0,56.61063766479492
2017-04-05,57.97999954223633,57.220001220703125,57.459999084472656,57.2599983215332,677500.0,56.413597106933594
2017-04-06,57.95000076293945,57.08000183105469,57.439998626708984,57.849998474121094,403100.0,56.9948844909668
2017-04-07,58.029998779296875,57.61000061035156,57.720001220703125,57.849998474121094,463100.0,56.9948844909668
2017-04-10,58.08000183105469,57.59000015258789,57.84000015258789,57.630001068115234,313500.0,56.77813720703125
2017-04-11,57.72999954223633,57.09000015258789,57.5,57.459999084472656,363100.0,56.67948532104492
2017-04-12,57.630001068115234,56.97999954223633,57.540000915527344,57.130001068115234,589200.0,56.42271041870117
2017-04-13,57.41999816894531,56.90999984741211,57.06999969482422,56.95000076293945,501100.0,56.24493408203125
2017-04-17,57.84000015258789,57.11000061035156,57.25,57.779998779296875,496200.0,57.06465530395508
2017-04-18,57.79999923706055,57.029998779296875,57.54999923706055,57.599998474121094,528300.0,56.88688659667969
2017-04-19,57.66999816894531,56.209999084472656,56.91999816894531,57.40999984741211,632300.0,56.699241638183594
2017-04-20,57.59000015258789,56.970001220703125,57.59000015258789,57.2400016784668,909200.0,56.531349182128906
2017-04-21,57.43000030517578,56.97999954223633,57.2400016784668,57.220001220703125,648100.0,56.511592864990234
2017-04-24,58.36000061035156,57.880001068115234,58.02000045776367,58.209999084472656,361700.0,57.489341735839844
2017-04-25,59.029998779296875,58.029998779296875,58.5,58.650001525878906,499900.0,57.92389678955078
2017-04-26,60.0099983215332,58.72999954223633,58.790000915527344,59.97999954223633,1145700.0,59.237422943115234
2017-04-27,60.349998474121094,59.720001220703125,60.0,59.90999984741211,827200.0,59.16829299926758
2017-04-28,59.970001220703125,59.06999969482422,59.91999816894531,59.40999984741211,513000.0,58.674476623535156
2017-05-01,60.06999969482422,59.52000045776367,59.75,59.93000030517578,561100.0,59.188045501708984
2017-05-02,60.5099983215332,59.34000015258789,60.0,59.63999938964844,529700.0,58.901634216308594
2017-05-03,59.779998779296875,59.04999923706055,59.65999984741211,59.63999938964844,456700.0,58.901634216308594
2017-05-04,60.7599983215332,59.630001068115234,59.630001068115234,60.4900016784668,649900.0,59.741119384765625
2017-05-05,61.97999954223633,60.119998931884766,61.11000061035156,61.599998474121094,1397900.0,60.83736801147461
2017-05-08,62.040000915527344,61.27000045776367,61.599998474121094,61.88999938964844,590500.0,61.123775482177734
2017-05-09,62.68000030517578,61.560001373291016,61.86000061035156,62.560001373291016,692200.0,61.785491943359375
2017-05-10,62.7400016784668,62.060001373291016,62.56999969482422,62.66999816894531,499800.0,61.89411926269531
2017-05-11,62.650001525878906,62.099998474121094,62.380001068115234,62.560001373291016,405700.0,61.785491943359375
2017-05-12,62.91999816894531,62.33000183105469,62.54999923706055,62.380001068115234,796900.0,61.60770797729492
2017-05-15,62.81999969482422,62.27000045776367,62.349998474121094,62.7599983215332,756600.0,61.98299789428711
2017-05-16,62.900001525878906,62.20000076293945,62.81999969482422,62.540000915527344,706500.0,61.76572036743164
2017-05-17,62.540000915527344,61.380001068115234,62.540000915527344,61.61000061035156,780600.0,60.84724807739258
2017-05-18,62.2400016784668,61.56999969482422,61.619998931884766,61.65999984741211,630000.0,60.89662551879883
2017-05-19,62.310001373291016,61.5,61.90999984741211,61.9900016784668,528400.0,61.2225456237793
2017-05-22,62.22999954223633,61.779998779296875,62.04999923706055,62.16999816894531,392700.0,61.400306701660156
2017-05-23,62.900001525878906,61.90999984741211,62.59000015258789,62.060001373291016,392100.0,61.29167556762695
2017-05-24,62.45000076293945,61.88999938964844,62.13999938964844,62.400001525878906,273900.0,61.62746810913086
2017-05-25,62.849998474121094,62.279998779296875,62.380001068115234,62.79999923706055,331500.0,62.02251052856445
2017-05-26,63.029998779296875,62.7599983215332,62.77000045776367,62.79999923706055,504300.0,62.02251052856445
2017-05-30,62.9900016784668,62.619998931884766,62.75,62.959999084472656,278400.0,62.18052291870117
2017-05-31,63.150001525878906,62.720001220703125,63.0,63.060001373291016,418800.0,62.279296875
2017-06-01,64.08999633789062,62.95000076293945,63.099998474121094,63.97999954223633,862200.0,63.187904357910156
2017-06-02,64.94999694824219,63.959999084472656,64.0199966430664,64.87000274658203,410500.0,64.06688690185547
2017-06-05,65.06999969482422,64.58000183105469,64.80000305175781,64.87999725341797,468100.0,64.07677459716797
2017-06-06,65.3499984741211,64.69999694824219,64.76000213623047,64.75,662400.0,63.94838333129883
2017-06-07,65.0199966430664,64.19000244140625,64.80999755859375,64.69999694824219,496600.0,63.89898681640625
2017-06-08,64.79000091552734,63.88999938964844,64.69999694824219,64.22000122070312,358000.0,63.4249382019043
2017-06-09,64.5199966430664,63.619998931884766,64.18000030517578,63.90999984741211,505300.0,63.11876678466797
2017-06-12,63.900001525878906,63.15999984741211,63.61000061035156,63.70000076293945,528400.0,62.91136932373047
2017-06-13,64.45999908447266,63.77000045776367,63.790000915527344,64.12999725341797,322900.0,63.33603286743164
2017-06-14,64.37999725341797,63.72999954223633,64.33999633789062,64.0199966430664,345900.0,63.2274169921875
2017-06-15,63.97999954223633,63.45000076293945,63.68000030517578,63.86000061035156,466300.0,63.06938934326172
2017-06-16,64.3499984741211,63.5,63.959999084472656,63.56999969482422,960600.0,62.78297424316406
2017-06-19,67.7300033569336,64.75,64.75,67.7300033569336,2241900.0,66.8914794921875
2017-06-20,68.91000366210938,67.2300033569336,67.73999786376953,68.0999984741211,1055700.0,67.25688171386719
2017-06-21,68.43000030517578,67.72000122070312,68.08999633789062,68.12999725341797,710800.0,67.2865219116211
2017-06-22,68.12000274658203,67.30999755859375,68.12000274658203,67.80000305175781,902400.0,66.96060943603516
2017-06-23,68.51000213623047,67.52999877929688,68.19000244140625,68.44999694824219,945600.0,67.60255432128906
2017-06-26,68.62999725341797,68.08000183105469,68.36000061035156,68.0999984741211,557700.0,67.25688171386719
2017-06-27,68.23999786376953,67.5199966430664,67.97000122070312,67.55000305175781,504100.0,66.7137222290039
2017-06-28,68.66000366210938,67.87000274658203,67.98999786376953,68.27999877929688,360200.0,67.43465423583984
2017-06-29,68.29000091552734,67.25,68.29000091552734,67.7300033569336,654700.0,66.8914794921875
2017-06-30,68.5199966430664,67.95999908447266,67.95999908447266,68.13999938964844,348800.0,67.29639434814453
2017-07-03,69.19000244140625,67.70999908447266,68.4000015258789,67.7300033569336,699200.0,66.8914794921875
2017-07-05,68.41000366210938,67.7300033569336,67.9000015258789,68.25,424800.0,67.40503692626953
2017-07-06,68.06999969482422,67.37999725341797,67.8499984741211,67.52999877929688,475500.0,66.6939468383789
2017-07-07,68.08000183105469,67.6500015258789,67.6500015258789,67.97000122070312,469000.0,67.12849426269531
2017-07-10,68.69999694824219,67.7300033569336,68.12000274658203,68.45999908447266,377100.0,67.6124267578125
2017-07-11,68.91000366210938,68.06999969482422,68.5999984741211,68.66999816894531,466400.0,67.81983947753906
2017-07-12,69.48999786376953,68.7300033569336,69.08999633789062,68.98999786376953,341900.0,68.13587951660156
2017-07-13,69.37999725341797,68.47000122070312,68.91999816894531,69.25,578200.0,68.39265441894531
2017-07-14,69.5199966430664,68.97000122070312,69.26000213623047,69.45999908447266,294000.0,68.60005950927734
2017-07-17,70.16000366210938,69.18000030517578,69.5199966430664,69.94000244140625,594200.0,69.0741195678711
2017-07-18,70.0,69.11000061035156,70.0,69.41000366210938,728800.0,68.55066680908203
2017-07-19,69.91999816894531,69.29000091552734,69.66999816894531,69.38999938964844,411200.0,68.60011291503906
2017-07-20,69.81999969482422,69.2699966430664,69.45999908447266,69.45999908447266,245600.0,68.66929626464844
2017-07-21,69.79000091552734,69.29000091552734,69.36000061035156,69.5199966430664,388700.0,68.72862243652344
2017-07-24,69.87999725341797,69.12999725341797,69.52999877929688,69.37000274658203,348600.0,68.58032989501953
2017-07-25,69.61000061035156,68.16999816894531,69.5199966430664,68.2300033569336,706200.0,67.45331573486328
2017-07-26,68.18000030517578,66.0199966430664,68.06999969482422,66.08999633789062,1516700.0,65.33767700195312
2017-07-27,66.41000366210938,65.56999969482422,66.36000061035156,65.79000091552734,810000.0,65.04109954833984
2017-07-28,66.1500015258789,65.44000244140625,65.8499984741211,65.88999938964844,654100.0,65.13995361328125
2017-07-31,66.41000366210938,65.75,66.16000366210938,65.83000183105469,606200.0,65.08065795898438
2017-08-01,66.47000122070312,65.9000015258789,66.1500015258789,66.22000122070312,1026900.0,65.46620178222656
2017-08-02,66.8499984741211,66.25,66.55000305175781,66.72000122070312,467600.0,65.96049499511719
2017-08-03,66.73999786376953,65.9800033569336,66.62999725341797,66.3499984741211,724100.0,65.59471130371094
2017-08-04,66.0,63.029998779296875,66.0,64.29000091552734,1510700.0,63.55816650390625
2017-08-07,66.26000213623047,64.37000274658203,64.61000061035156,65.80000305175781,896400.0,65.05098724365234
2017-08-08,66.11000061035156,63.849998474121094,65.73999786376953,64.02999877929688,894900.0,63.301116943359375
2017-08-09,64.30000305175781,63.369998931884766,63.790000915527344,64.25,564500.0,63.51862335205078
2017-08-10,64.0,62.900001525878906,63.90999984741211,62.95000076293945,638900.0,62.23341369628906
2017-08-11,64.1500015258789,62.43000030517578,62.68000030517578,63.93000030517578,497400.0,63.2022590637207
2017-08-14,64.66000366210938,63.790000915527344,64.45999908447266,64.0,570800.0,63.271461486816406
2017-08-15,64.3499984741211,63.959999084472656,64.06999969482422,64.13999938964844,715200.0,63.40986251831055
2017-08-16,64.93000030517578,64.13999938964844,64.43000030517578,64.63999938964844,516200.0,63.9041748046875
2017-08-17,64.81999969482422,63.599998474121094,64.54000091552734,63.65999984741211,433600.0,62.935333251953125
2017-08-18,63.959999084472656,63.11000061035156,63.560001373291016,63.470001220703125,403200.0,62.74748992919922
2017-08-21,64.19000244140625,63.369998931884766,63.47999954223633,64.1500015258789,556100.0,63.41975784301758
2017-08-22,65.08999633789062,64.18000030517578,64.3499984741211,64.94000244140625,435000.0,64.20073699951172
2017-08-23,65.16000366210938,64.58000183105469,64.93000030517578,65.02999877929688,441300.0,64.28973388671875
2017-08-24,65.5199966430664,64.87999725341797,65.12999725341797,65.18000030517578,295900.0,64.43803405761719
2017-08-25,65.62999725341797,65.22000122070312,65.4000015258789,65.3499984741211,294000.0,64.60610961914062
2017-08-28,66.04000091552734,65.38999938964844,65.63999938964844,65.70999908447266,318100.0,64.96200561523438
2017-08-29,65.94999694824219,65.27999877929688,65.38999938964844,65.87999725341797,319300.0,65.13006591796875
2017-08-30,66.37999725341797,65.81999969482422,65.87000274658203,66.19000244140625,439600.0,65.43655395507812
2017-08-31,67.23999786376953,66.22000122070312,66.3499984741211,66.98999786376953,423600.0,66.22743225097656
2017-09-01,67.2300033569336,66.79000091552734,67.04000091552734,66.98999786376953,746300.0,66.22743225097656
2017-09-05,67.2300033569336,66.4800033569336,66.83000183105469,67.19999694824219,554000.0,66.43502807617188
2017-09-06,67.77999877929688,67.2699966430664,67.5,67.58999633789062,557500.0,66.82060241699219
2017-09-07,67.86000061035156,67.26000213623047,67.83000183105469,67.83000183105469,600400.0,67.05786895751953
2017-09-08,68.26000213623047,67.44000244140625,67.83999633789062,67.6500015258789,660700.0,66.87992095947266
2017-09-11,68.58000183105469,67.5199966430664,67.9800033569336,68.30000305175781,771700.0,67.52251434326172
2017-09-12,68.66000366210938,68.22000122070312,68.43000030517578,68.55999755859375,1586300.0,67.77955627441406
2017-09-13,68.61000061035156,68.18000030517578,68.38999938964844,68.52999877929688,665000.0,67.74988555908203
2017-09-14,68.86000061035156,68.36000061035156,68.44999694824219,68.72000122070312,934100.0,67.93775177001953
2017-09-15,69.08999633789062,68.5,68.6500015258789,69.08000183105469,1078400.0,68.29364013671875
2017-09-18,69.55999755859375,68.91999816894531,69.30000305175781,69.4800033569336,757700.0,68.6890869140625
2017-09-19,69.61000061035156,68.9800033569336,69.61000061035156,69.05999755859375,957100.0,68.27388000488281
2017-09-20,69.23999786376953,68.6500015258789,69.08999633789062,68.98999786376953,562300.0,68.20465850830078
2017-09-21,68.9000015258789,68.0999984741211,68.9000015258789,68.19999694824219,659000.0,67.42365264892578
2017-09-22,68.33000183105469,67.80000305175781,68.13999938964844,68.16999816894531,378900.0,67.39399719238281
2017-09-25,68.45999908447266,67.88999938964844,68.08000183105469,68.44999694824219,339200.0,67.67081451416016
2017-09-26,69.05999755859375,67.51000213623047,68.91999816894531,68.18000030517578,547300.0,67.40387725830078
2017-09-27,68.68000030517578,67.83000183105469,68.18000030517578,68.45999908447266,388500.0,67.6806869506836
2017-09-28,68.55000305175781,67.87000274658203,68.31999969482422,68.33999633789062,330700.0,67.56204986572266
2017-09-29,69.1500015258789,68.06999969482422,68.26000213623047,68.97000122070312,432100.0,68.18488311767578
2017-10-02,69.76000213623047,69.05000305175781,69.19999694824219,69.47000122070312,611100.0,68.67918395996094
2017-10-03,70.1500015258789,69.3499984741211,69.80999755859375,70.08000183105469,719700.0,69.28226470947266
2017-10-04,70.2699966430664,69.86000061035156,70.0999984741211,70.19999694824219,595400.0,69.40089416503906
2017-10-05,70.58999633789062,70.05999755859375,70.4000015258789,70.44000244140625,423400.0,69.63816833496094
2017-10-06,70.61000061035156,70.06999969482422,70.1500015258789,70.61000061035156,300600.0,69.80621337890625
2017-10-09,70.8499984741211,70.3499984741211,70.63999938964844,70.62000274658203,1141400.0,69.81610870361328
2017-10-10,70.98999786376953,70.4000015258789,70.68000030517578,70.87999725341797,351100.0,70.07313537597656
2017-10-11,71.80999755859375,70.83999633789062,70.83999633789062,71.5,1048100.0,70.68608093261719
2017-10-12,72.0,71.33000183105469,71.54000091552734,71.80999755859375,708100.0,70.99256134033203
2017-10-13,72.11000061035156,71.16999816894531,71.93000030517578,71.38999938964844,410200.0,70.57734680175781
2017-10-16,71.79000091552734,71.13999938964844,71.62999725341797,71.25,404300.0,70.4389419555664
2017-10-17,71.25,69.73999786376953,71.12999725341797,70.41000366210938,540400.0,69.60850524902344
2017-10-18,70.7699966430664,70.13999938964844,70.69999694824219,70.19000244140625,556900.0,69.39099884033203
2017-10-19,71.37000274658203,69.9800033569336,69.9800033569336,71.31999969482422,423300.0,70.57852172851562
2017-10-20,71.94000244140625,71.31999969482422,71.58999633789062,71.7300033569336,461600.0,70.98426818847656
2017-10-23,71.91000366210938,71.38999938964844,71.7300033569336,71.63999938964844,525700.0,70.89520263671875
2017-10-24,71.93000030517578,71.11000061035156,71.91999816894531,71.61000061035156,614500.0,70.86551666259766
2017-10-25,72.2699966430664,70.98999786376953,71.91999816894531,71.41999816894531,450500.0,70.67747497558594
2017-10-26,72.25,71.05000305175781,71.47000122070312,72.0999984741211,613800.0,71.35041809082031
2017-10-27,72.7699966430664,71.47000122070312,72.20999908447266,72.72000122070312,583400.0,71.9639892578125
2017-10-30,72.81999969482422,71.5999984741211,72.4000015258789,71.83000183105469,508300.0,71.08323669433594
2017-10-31,72.62000274658203,71.79000091552734,71.95999908447266,72.31999969482422,607900.0,71.5681381225586
2017-11-01,73.05000305175781,72.2699966430664,72.75,72.2699966430664,519000.0,71.51863861083984
2017-11-02,72.62000274658203,71.81999969482422,71.98999786376953,72.06999969482422,694800.0,71.32073211669922
2017-11-03,72.27999877929688,70.37000274658203,72.06999969482422,70.62000274658203,863700.0,69.88581085205078
2017-11-06,70.93000030517578,70.0999984741211,70.51000213623047,70.55000305175781,761400.0,69.81653594970703
2017-11-07,71.16000366210938,70.37999725341797,70.69000244140625,71.12999725341797,971400.0,70.3905029296875
2017-11-08,71.72000122070312,70.77999877929688,71.04000091552734,71.4800033569336,472200.0,70.73686981201172
2017-11-09,71.5199966430664,70.66999816894531,70.88999938964844,71.45999908447266,523800.0,70.71708679199219
2017-11-10,71.48999786376953,71.1500015258789,71.30000305175781,71.33000183105469,1027600.0,70.58843231201172
2017-11-13,71.5,70.81999969482422,70.94999694824219,71.2699966430664,512200.0,70.52906036376953
2017-11-14,71.66000366210938,70.86000061035156,71.01000213623047,71.61000061035156,671600.0,70.86551666259766
2017-11-15,71.68000030517578,70.87000274658203,71.48999786376953,71.12999725341797,883700.0,70.3905029296875
2017-11-16,72.45999908447266,71.05000305175781,71.33000183105469,72.30000305175781,567100.0,71.54833221435547
2017-11-17,72.45999908447266,71.68000030517578,72.05000305175781,72.30999755859375,614100.0,71.55823516845703
2017-11-20,72.79000091552734,72.18000030517578,72.2699966430664,72.75,555900.0,71.99364471435547
2017-11-21,73.43000030517578,72.58000183105469,72.83999633789062,73.26000213623047,925300.0,72.49833679199219
2017-11-22,73.30999755859375,72.8499984741211,73.29000091552734,73.04000091552734,325700.0,72.2806625366211
2017-11-24,73.37000274658203,73.0,73.26000213623047,73.36000061035156,248400.0,72.5973129272461
2017-11-27,73.73999786376953,73.06999969482422,73.16000366210938,73.55999755859375,480800.0,72.79523468017578
2017-11-28,73.95999908447266,73.16999816894531,73.86000061035156,73.80000305175781,457100.0,73.03275299072266
2017-11-29,74.11000061035156,73.01000213623047,73.80000305175781,73.18000030517578,520000.0,72.41918182373047
2017-11-30,73.9800033569336,73.05999755859375,73.5199966430664,73.68000030517578,1005400.0,72.91398620605469
2017-12-01,73.86000061035156,71.86000061035156,73.62000274658203,73.12000274658203,467200.0,72.35982513427734
2017-12-04,73.30000305175781,69.77999877929688,73.30000305175781,69.77999877929688,879500.0,69.05453491210938
2017-12-05,70.55999755859375,69.22000122070312,70.02999877929688,69.36000061035156,652300.0,68.638916015625
2017-12-06,69.69999694824219,69.20999908447266,69.45999908447266,69.54000091552734,616100.0,68.81703186035156
2017-12-07,70.45999908447266,69.30999755859375,69.66000366210938,70.11000061035156,693200.0,69.38109588623047
2017-12-08,71.30999755859375,70.1500015258789,70.27999877929688,71.02999877929688,760600.0,70.2915267944336
2017-12-11,71.43000030517578,70.37999725341797,71.01000213623047,70.80999755859375,418800.0,70.07381439208984
2017-12-12,71.19999694824219,70.62000274658203,70.83999633789062,71.12000274658203,546800.0,70.380615234375
2017-12-13,71.94999694824219,71.23999786376953,71.41999816894531,71.30999755859375,624400.0,70.56861114501953
2017-12-14,71.70999908447266,70.44000244140625,71.3499984741211,70.83000183105469,708100.0,70.09361267089844
2017-12-15,72.38999938964844,71.22000122070312,71.22000122070312,72.12999725341797,1165400.0,71.38009643554688
2017-12-18,73.23999786376953,72.30999755859375,72.30999755859375,73.16000366210938,531000.0,72.39939880371094
2017-12-19,74.12000274658203,73.3499984741211,73.9000015258789,73.83999633789062,566400.0,73.07232666015625
2017-12-20,74.05000305175781,73.23999786376953,73.91999816894531,73.6500015258789,542700.0,72.88430786132812
2017-12-21,74.0,73.08000183105469,73.83000183105469,73.27999877929688,563700.0,72.51815032958984
2017-12-22,73.29000091552734,72.55999755859375,73.20999908447266,73.05000305175781,506500.0,72.2905502319336
2017-12-26,73.22000122070312,72.58000183105469,73.06999969482422,73.05000305175781,207600.0,72.2905502319336
2017-12-27,73.26000213623047,73.0,73.16000366210938,73.08999633789062,565700.0,72.33013153076172
2017-12-28,73.47000122070312,72.83000183105469,73.19999694824219,73.41999816894531,205300.0,72.65670013427734
2017-12-29,73.69999694824219,73.0999984741211,73.69999694824219,73.12000274658203,333000.0,72.35982513427734
2018-01-02,73.94000244140625,73.2699966430664,73.70999908447266,73.91000366210938,768500.0,73.14161682128906
2018-01-03,76.19999694824219,73.88999938964844,74.1500015258789,76.16000366210938,578700.0,75.36820220947266
2018-01-04,76.55999755859375,75.44000244140625,76.0999984741211,76.36000061035156,818500.0,75.56613159179688
2018-01-05,77.01000213623047,76.0199966430664,76.4800033569336,76.94000244140625,558300.0,76.14010620117188
2018-01-08,76.81999969482422,76.06999969482422,76.75,76.7699966430664,700100.0,75.97187042236328
2018-01-09,78.19000244140625,76.91000366210938,77.0999984741211,77.9000015258789,431500.0,77.09011840820312
2018-01-10,77.7699966430664,76.5199966430664,77.4800033569336,77.13999938964844,461000.0,76.3380126953125
2018-01-11,77.66999816894531,76.79000091552734,77.23999786376953,77.62000274658203,279000.0,76.81301879882812
2018-01-12,79.0199966430664,77.3499984741211,77.55000305175781,78.88999938964844,448700.0,78.06983947753906
2018-01-16,79.75,78.16999816894531,79.23999786376953,78.52999877929688,529700.0,77.71356964111328
2018-01-17,79.80000305175781,78.48999786376953,79.13999938964844,79.6500015258789,571800.0,78.8219223022461
2018-01-18,79.88999938964844,78.62999725341797,79.48999786376953,79.54000091552734,584400.0,78.78229522705078
2018-01-19,80.9000015258789,79.83000183105469,80.0,80.86000061035156,499400.0,80.08973693847656
2018-01-22,81.30000305175781,80.33000183105469,81.06999969482422,81.19999694824219,548100.0,80.4264907836914
2018-01-23,82.0199966430664,81.08999633789062,81.4000015258789,81.43000030517578,715500.0,80.654296875
2018-01-24,82.23999786376953,81.05000305175781,81.68000030517578,81.41999816894531,708200.0,80.64440155029297
2018-01-25,83.56999969482422,81.94999694824219,81.94999694824219,82.75,1152500.0,81.96173095703125
2018-01-26,84.48999786376953,81.6500015258789,83.66000366210938,82.75,1507800.0,81.96173095703125
2018-01-29,82.83999633789062,81.37999725341797,82.36000061035156,82.18000030517578,921700.0,81.39716339111328
2018-01-30,81.72000122070312,80.86000061035156,81.30999755859375,81.05000305175781,776000.0,80.27792358398438
2018-01-31,82.19999694824219,79.8499984741211,81.62000274658203,80.16000366210938,577700.0,79.39639282226562
2018-02-01,80.26000213623047,78.83000183105469,79.87000274658203,80.0199966430664,719200.0,79.25772857666016
2018-02-02,79.80000305175781,78.05999755859375,79.44000244140625,78.08000183105469,624500.0,77.33621978759766
2018-02-05,78.26000213623047,74.77999877929688,77.38999938964844,74.77999877929688,1008800.0,74.06766510009766
2018-02-06,76.56999969482422,73.0,73.25,76.0,1614700.0,75.27603912353516
2018-02-07,76.77999877929688,75.0199966430664,75.41000366210938,75.7699966430664,1114200.0,75.04822540283203
2018-02-08,75.73999786376953,72.0,75.44000244140625,72.05999755859375,1110500.0,71.37355041503906
2018-02-09,73.66000366210938,70.73999786376953,73.16999816894531,72.83000183105469,1213000.0,72.13622283935547
2018-02-12,74.9800033569336,72.79000091552734,73.70999908447266,74.5,947100.0,73.79032135009766
2018-02-13,74.31999969482422,73.69999694824219,74.12000274658203,74.22000122070312,516100.0,73.51298522949219
2018-02-14,75.55999755859375,73.6500015258789,73.6500015258789,75.45999908447266,560300.0,74.74118041992188
2018-02-15,76.69999694824219,75.44000244140625,76.26000213623047,76.43000030517578,603900.0,75.70194244384766
2018-02-16,76.9800033569336,76.0999984741211,76.23999786376953,76.38999938964844,553400.0,75.66232299804688
2018-02-20,76.7300033569336,75.44999694824219,76.18000030517578,75.87000274658203,746100.0,75.14727783203125
2018-02-21,77.73999786376953,75.7300033569336,75.81999969482422,76.18000030517578,568300.0,75.4543228149414
2018-02-22,76.76000213623047,75.63999938964844,76.66000366210938,75.95999908447266,638600.0,75.23641967773438
2018-02-23,77.08000183105469,75.37000274658203,76.2300033569336,77.0199966430664,374200.0,76.28629302978516
2018-02-26,78.08000183105469,77.11000061035156,77.30999755859375,77.87000274658203,569800.0,77.12821960449219
2018-02-27,77.93000030517578,76.87999725341797,77.66999816894531,76.94999694824219,748000.0,76.21698760986328
2018-02-28,77.95999908447266,76.29000091552734,77.11000061035156,76.33999633789062,492600.0,75.61278533935547
2018-03-01,76.54000091552734,73.62999725341797,76.37000274658203,74.2699966430664,644200.0,73.5625
2018-03-02,74.9000015258789,73.4000015258789,73.69000244140625,74.7300033569336,562000.0,74.01815032958984
2018-03-05,74.76000213623047,73.05999755859375,74.06999969482422,74.51000213623047,728600.0,73.80022430419922
2018-03-06,75.63999938964844,74.4800033569336,74.62000274658203,75.61000061035156,636800.0,74.88975524902344
2018-03-07,77.16999816894531,74.83999633789062,74.83999633789062,77.0,590100.0,76.26651763916016
2018-03-08,77.37000274658203,76.2300033569336,77.08999633789062,77.19999694824219,579400.0,76.46459197998047
2018-03-09,79.2699966430664,77.29000091552734,77.62000274658203,79.22000122070312,679900.0,78.46537017822266
2018-03-12,79.81999969482422,78.51000213623047,79.33000183105469,78.77999877929688,604800.0,78.029541015625
2018-03-13,79.33999633789062,77.8499984741211,79.2699966430664,78.08000183105469,363600.0,77.33621978759766
2018-03-14,78.77999877929688,76.80000305175781,78.30000305175781,77.08999633789062,447200.0,76.35564422607422
2018-03-15,77.9800033569336,76.94999694824219,77.1500015258789,77.5999984741211,456900.0,76.86078643798828
2018-03-16,78.33999633789062,77.29000091552734,77.62999725341797,77.33999633789062,1189600.0,76.60325622558594
2018-03-19,77.5199966430664,76.05000305175781,77.29000091552734,76.88999938964844,557500.0,76.15755462646484
2018-03-20,77.91000366210938,76.9000015258789,77.05000305175781,77.66999816894531,461800.0,76.93011474609375
2018-03-21,78.41000366210938,77.0999984741211,77.83999633789062,77.19999694824219,400800.0,76.46459197998047
2018-03-22,76.86000061035156,74.9800033569336,76.37000274658203,75.23999786376953,616000.0,74.52327728271484
2018-03-23,76.08000183105469,73.80999755859375,75.33999633789062,73.95999908447266,1146300.0,73.25544738769531
2018-03-26,76.41999816894531,74.0999984741211,75.16000366210938,76.27999877929688,843500.0,75.55335998535156
2018-03-27,76.6500015258789,74.86000061035156,76.5,75.5199966430664,952800.0,74.80061340332031
2018-03-28,76.01000213623047,74.5999984741211,75.81999969482422,74.87000274658203,547300.0,74.15679168701172
2018-03-29,76.41000366210938,74.80000305175781,75.05000305175781,75.72000122070312,647000.0,74.99870300292969
2018-04-02,75.62000274658203,73.3499984741211,75.62000274658203,74.08000183105469,976500.0,73.37432098388672
2018-04-03,75.58999633789062,73.80000305175781,74.68000030517578,75.33999633789062,963700.0,74.62232208251953
2018-04-04,75.68000030517578,73.45999908447266,74.33000183105469,75.5,690500.0,74.78079223632812
2018-04-05,76.55999755859375,75.38999938964844,75.83999633789062,75.9000015258789,795700.0,75.1769790649414
2018-04-06,75.87000274658203,72.76000213623047,75.41000366210938,73.19999694824219,511600.0,72.50270080566406
2018-04-09,75.36000061035156,73.4800033569336,73.66000366210938,74.1500015258789,530100.0,73.44365692138672
2018-04-10,75.87000274658203,74.55000305175781,74.9800033569336,75.43000030517578,639400.0,74.71145629882812
2018-04-11,75.13999938964844,74.11000061035156,74.66000366210938,74.33000183105469,420500.0,73.6219482421875
2018-04-12,75.08000183105469,74.37000274658203,74.66000366210938,74.55999755859375,690000.0,73.91936492919922
2018-04-13,75.0,73.94000244140625,75.0,74.41999816894531,335900.0,73.78057098388672
2018-04-16,75.69999694824219,74.76000213623047,75.18000030517578,75.37000274658203,276200.0,74.72240447998047
2018-04-17,75.98999786376953,75.44999694824219,75.81999969482422,75.80000305175781,329400.0,75.1487045288086
2018-04-18,77.0199966430664,75.80999755859375,76.02999877929688,76.4000015258789,313900.0,75.74356079101562
2018-04-19,76.70999908447266,74.87000274658203,76.36000061035156,75.0999984741211,415400.0,74.4547119140625
2018-04-20,75.47000122070312,74.27999877929688,75.26000213623047,74.5999984741211,505300.0,73.95902252197266
2018-04-23,75.55000305175781,74.7699966430664,74.98999786376953,75.06999969482422,427700.0,74.42497253417969
2018-04-24,74.77999877929688,72.26000213623047,73.66999816894531,73.0199966430664,598200.0,72.39259338378906
2018-04-25,74.0999984741211,72.1500015258789,73.06999969482422,73.23999786376953,567100.0,72.61070251464844
2018-04-26,74.52999877929688,73.19000244140625,73.33000183105469,74.19999694824219,428000.0,73.56245422363281
2018-04-27,74.4800033569336,73.86000061035156,74.19999694824219,74.11000061035156,287500.0,73.47322845458984
2018-04-30,74.77999877929688,73.30000305175781,74.5,73.36000061035156,633800.0,72.72967529296875
2018-05-01,73.36000061035156,70.88999938964844,73.05999755859375,72.44999694824219,2093100.0,71.82748413085938
2018-05-02,73.33000183105469,71.91000366210938,72.48999786376953,72.16999816894531,1108500.0,71.5499038696289
2018-05-03,72.22000122070312,70.83000183105469,71.94999694824219,72.16999816894531,625300.0,71.5499038696289
2018-05-04,73.2300033569336,71.44999694824219,71.83000183105469,72.81999969482422,496500.0,72.19430541992188
2018-05-07,74.27999877929688,72.91000366210938,72.91000366210938,73.36000061035156,517000.0,72.72967529296875
2018-05-08,73.66999816894531,72.97000122070312,73.18000030517578,73.55000305175781,537400.0,72.91805267333984
2018-05-09,74.26000213623047,73.33999633789062,73.55000305175781,73.93000030517578,405000.0,73.2947769165039
2018-05-10,75.5,74.16999816894531,74.16999816894531,75.30000305175781,481700.0,74.65299987792969
2018-05-11,75.73999786376953,75.18000030517578,75.43000030517578,75.6500015258789,464600.0,75.0
2018-05-14,76.69000244140625,75.69999694824219,75.80000305175781,76.22000122070312,432600.0,75.5650863647461
2018-05-15,75.19999694824219,73.62000274658203,74.5999984741211,73.83000183105469,1061900.0,73.19562530517578
2018-05-16,74.36000061035156,73.61000061035156,73.94999694824219,73.79000091552734,674900.0,73.15597534179688
2018-05-17,74.43000030517578,73.5199966430664,73.73999786376953,74.4000015258789,340400.0,73.76073455810547
2018-05-18,75.58000183105469,74.37999725341797,74.44000244140625,75.47000122070312,390000.0,74.82154846191406
2018-05-21,76.69999694824219,75.8499984741211,76.05999755859375,76.3499984741211,495200.0,75.69397735595703
2018-05-22,76.91000366210938,76.06999969482422,76.31999969482422,76.16999816894531,518800.0,75.5155258178711
2018-05-23,76.19000244140625,75.58999633789062,75.75,76.0199966430664,309600.0,75.3668212890625
2018-05-24,76.27999877929688,75.54000091552734,76.0999984741211,75.62000274658203,343900.0,74.97025299072266
2018-05-25,75.56999969482422,74.04000091552734,75.56999969482422,74.31999969482422,461300.0,73.68142700195312
2018-05-29,74.05999755859375,72.9000015258789,73.58000183105469,73.66000366210938,818100.0,73.027099609375
2018-05-30,74.94999694824219,74.05999755859375,74.06999969482422,74.4000015258789,356100.0,73.76073455810547
2018-05-31,74.98999786376953,74.08000183105469,74.43000030517578,74.33000183105469,566300.0,73.69133758544922
2018-06-01,75.66000366210938,74.76000213623047,74.86000061035156,75.26000213623047,384800.0,74.61334228515625
2018-06-04,76.26000213623047,75.33000183105469,75.55000305175781,76.0,517600.0,75.34699249267578
2018-06-05,76.63999938964844,75.81999969482422,76.0,76.5999984741211,356000.0,75.94182586669922
2018-06-06,78.30999755859375,76.44999694824219,76.7300033569336,78.30999755859375,463400.0,77.63713836669922
2018-06-07,78.62999725341797,77.7300033569336,78.41000366210938,78.08999633789062,381300.0,77.41902160644531
2018-06-08,78.45999908447266,77.91999816894531,78.20999908447266,78.30000305175781,332100.0,77.62723541259766
2018-06-11,79.22000122070312,78.20999908447266,78.43000030517578,78.94999694824219,395500.0,78.27163696289062
2018-06-12,79.6500015258789,78.94999694824219,79.0,79.38999938964844,273000.0,78.70787048339844
2018-06-13,79.70999908447266,78.93000030517578,79.37999725341797,79.0199966430664,350100.0,78.34103393554688
2018-06-14,79.08000183105469,78.16999816894531,79.08000183105469,78.33999633789062,729600.0,77.6668701171875
2018-06-15,78.37000274658203,76.88999938964844,77.73999786376953,77.83999633789062,1128100.0,77.17118072509766
2018-06-18,77.66999816894531,76.81999969482422,77.58999633789062,77.52999877929688,394400.0,76.86383056640625
2018-06-19,77.02999877929688,75.55000305175781,76.69000244140625,76.3499984741211,481700.0,75.69397735595703
2018-06-20,76.73999786376953,75.30000305175781,76.33999633789062,75.47000122070312,334000.0,74.82154846191406
2018-06-21,75.55000305175781,73.97000122070312,75.37000274658203,74.19000244140625,1017600.0,73.55253601074219
2018-06-22,74.83000183105469,74.12999725341797,74.61000061035156,74.36000061035156,592100.0,73.7210922241211
2018-06-25,74.12000274658203,72.2300033569336,73.94999694824219,72.87000274658203,612300.0,72.2438735961914
2018-06-26,73.25,72.55999755859375,72.8499984741211,72.81999969482422,675500.0,72.19430541992188
2018-06-27,73.58000183105469,72.05000305175781,72.83000183105469,72.0999984741211,692000.0,71.48048400878906
2018-06-28,72.58000183105469,71.30999755859375,72.0,72.38999938964844,434700.0,71.76800537109375
2018-06-29,73.63999938964844,72.70999908447266,72.80000305175781,73.2300033569336,522700.0,72.60079956054688
2018-07-02,72.81999969482422,71.94999694824219,72.69999694824219,72.58999633789062,684800.0,71.9662857055664
2018-07-03,73.68000030517578,73.02999877929688,73.12000274658203,73.1500015258789,451500.0,72.52146911621094
2018-07-05,73.87999725341797,72.76000213623047,73.45999908447266,73.77999877929688,879200.0,73.14606475830078
2018-07-06,74.5999984741211,73.66999816894531,73.79000091552734,74.31999969482422,487900.0,73.68142700195312
2018-07-09,75.72000122070312,74.44999694824219,74.66000366210938,75.37999725341797,451500.0,74.73230743408203
2018-07-10,76.18000030517578,75.26000213623047,75.30000305175781,75.98999786376953,648100.0,75.33706665039062
2018-07-11,75.51000213623047,74.66000366210938,75.44000244140625,75.02999877929688,462000.0,74.38530731201172
2018-07-12,75.68000030517578,75.08999633789062,75.54000091552734,75.55000305175781,619700.0,74.9008560180664
2018-07-13,75.97000122070312,74.2699966430664,75.54000091552734,75.66999816894531,678000.0,75.01983642578125
2018-07-16,75.97000122070312,75.06999969482422,75.54000091552734,75.5,880300.0,74.85128784179688
2018-07-17,76.48999786376953,75.08999633789062,75.08999633789062,76.37000274658203,499700.0,75.71382141113281
2018-07-18,77.0999984741211,76.12000274658203,76.25,76.93000030517578,461900.0,76.26900482177734
2018-07-19,78.83000183105469,76.91000366210938,76.91000366210938,78.4000015258789,1034300.0,77.79715728759766
2018-07-20,78.47000122070312,77.94999694824219,78.1500015258789,78.0,493400.0,77.40023040771484
2018-07-23,78.2300033569336,77.48999786376953,78.01000213623047,77.61000061035156,539800.0,77.01322937011719
2018-07-24,79.12000274658203,78.01000213623047,78.01000213623047,78.69000244140625,746400.0,78.08493041992188
2018-07-25,79.44000244140625,78.19999694824219,78.81999969482422,79.2300033569336,1004000.0,78.62077331542969
2018-07-26,79.6500015258789,79.05000305175781,79.30999755859375,79.36000061035156,1449400.0,78.74976348876953
2018-07-27,79.47000122070312,77.83000183105469,79.47000122070312,78.12999725341797,581000.0,77.52922058105469
2018-07-30,78.31999969482422,77.55000305175781,78.08000183105469,77.75,477500.0,77.15216064453125
2018-07-31,79.31999969482422,78.12000274658203,78.12000274658203,79.18000030517578,470400.0,78.57117462158203
2018-08-01,80.01000213623047,79.0,79.02999877929688,79.9000015258789,792700.0,79.28563690185547
2018-08-02,86.95999908447266,80.51000213623047,81.55000305175781,86.55000305175781,2854900.0,85.88449096679688
2018-08-03,87.72000122070312,85.52999877929688,87.30000305175781,86.31999969482422,1177500.0,85.65625
2018-08-06,86.43000030517578,85.30000305175781,85.94000244140625,85.66000366210938,628800.0,85.0013427734375
2018-08-07,86.69999694824219,85.54000091552734,85.94999694824219,86.55000305175781,632300.0,85.88449096679688
2018-08-08,86.61000061035156,85.9800033569336,86.55000305175781,86.08999633789062,392300.0,85.42801666259766
2018-08-09,86.4000015258789,85.51000213623047,86.05999755859375,85.58999633789062,305600.0,84.93185424804688
2018-08-10,85.69999694824219,84.70999908447266,85.1500015258789,84.91999816894531,365000.0,84.26701354980469
2018-08-13,85.4800033569336,84.0999984741211,84.91999816894531,84.5,430600.0,83.8502426147461
2018-08-14,85.76000213623047,84.55000305175781,84.55000305175781,85.62999725341797,623300.0,84.9715576171875
2018-08-15,86.37999725341797,83.9000015258789,85.27999877929688,84.30000305175781,382700.0,83.65178680419922
2018-08-16,85.37999725341797,84.37999725341797,84.7300033569336,85.19000244140625,526300.0,84.53495788574219
2018-08-17,86.16999816894531,84.94000244140625,85.44999694824219,85.36000061035156,437300.0,84.7036361694336
2018-08-20,85.91999816894531,85.38999938964844,85.38999938964844,85.62999725341797,620200.0,84.9715576171875
2018-08-21,86.69999694824219,85.80000305175781,85.83999633789062,86.20999908447266,746800.0,85.54708862304688
2018-08-22,87.0199966430664,86.0,86.05999755859375,86.83999633789062,471000.0,86.17225646972656
2018-08-23,87.16000366210938,86.47000122070312,86.80999755859375,86.75,341900.0,86.08294677734375
2018-08-24,87.72000122070312,85.87000274658203,86.11000061035156,87.48999786376953,425000.0,86.81725311279297
2018-08-27,88.58999633789062,87.62999725341797,88.19999694824219,88.5,388800.0,87.81950378417969
2018-08-28,89.86000061035156,88.62000274658203,88.66000366210938,89.20999908447266,934600.0,88.52403259277344
2018-08-29,90.93000030517578,88.93000030517578,89.30999755859375,90.08999633789062,564300.0,89.39725494384766
2018-08-30,93.1500015258789,90.11000061035156,90.87999725341797,92.5999984741211,1077700.0,91.88796997070312
2018-08-31,92.80999755859375,91.9000015258789,92.29000091552734,92.43000030517578,483800.0,91.71926879882812
2018-09-04,92.62999725341797,90.88999938964844,92.0,92.45999908447266,596400.0,91.7490463256836
2018-09-05,93.2699966430664,91.69000244140625,93.2699966430664,93.05999755859375,420100.0,92.34442901611328
2018-09-06,94.76000213623047,92.7300033569336,92.9000015258789,94.41000366210938,581500.0,93.6840591430664
2018-09-07,94.75,93.4000015258789,94.12000274658203,93.56999969482422,566900.0,92.85051727294922
2018-09-10,95.80000305175781,94.16000366210938,94.33999633789062,95.12000274658203,448700.0,94.38860321044922
2018-09-11,95.12000274658203,94.19999694824219,94.63999938964844,94.62000274658203,491100.0,93.8924331665039
2018-09-12,95.18000030517578,94.0999984741211,94.52999877929688,94.93000030517578,437600.0,94.2000503540039
2018-09-13,96.87000274658203,95.22000122070312,95.27999877929688,96.23999786376953,501000.0,95.49998474121094
2018-09-14,96.79000091552734,95.30000305175781,96.31999969482422,95.73999786376953,494900.0,95.00381469726562
2018-09-17,96.08999633789062,94.13999938964844,95.72000122070312,94.58000183105469,598900.0,93.85274505615234
2018-09-18,95.4800033569336,94.47000122070312,94.80999755859375,94.95999908447266,436600.0,94.22982025146484
2018-09-19,96.37999725341797,95.05000305175781,95.18000030517578,96.33000183105469,491500.0,95.58928680419922
2018-09-20,96.69999694824219,96.12999725341797,96.55999755859375,96.58000183105469,374100.0,95.83735656738281
2018-09-21,97.5199966430664,96.48999786376953,96.75,96.61000061035156,878800.0,95.86714172363281
2018-09-24,96.5999984741211,95.47000122070312,96.58000183105469,96.29000091552734,427900.0,95.54959869384766
2018-09-25,96.44000244140625,95.37999725341797,96.30000305175781,96.26000213623047,417500.0,95.51982116699219
2018-09-26,97.58999633789062,96.26000213623047,96.66999816894531,96.80999755859375,338300.0,96.06559753417969
2018-09-27,97.4000015258789,96.61000061035156,97.16999816894531,96.91000366210938,329200.0,96.16484832763672
2018-09-28,97.7699966430664,96.83000183105469,96.83000183105469,97.2699966430664,433500.0,96.52206420898438
2018-10-01,98.33000183105469,96.27999877929688,97.69999694824219,96.73999786376953,707100.0,95.99613189697266
2018-10-02,97.47000122070312,96.0199966430664,96.52999877929688,97.0199966430664,413200.0,96.27398681640625
2018-10-03,97.69999694824219,96.30999755859375,97.5999984741211,96.36000061035156,421600.0,95.61906433105469
2018-10-04,96.0,92.98999786376953,96.0,93.45999908447266,746000.0,92.7413558959961
2018-10-05,93.69000244140625,91.30999755859375,93.36000061035156,92.01000213623047,775300.0,91.3025131225586
2018-10-08,91.6500015258789,89.29000091552734,91.55999755859375,90.69999694824219,697900.0,90.00257110595703
2018-10-09,91.5999984741211,90.0,90.16000366210938,90.75,548000.0,90.05220794677734
2018-10-10,91.70999908447266,86.04000091552734,90.5,86.1500015258789,1320600.0,85.48756408691406
2018-10-11,87.7699966430664,84.19000244140625,86.12000274658203,84.69000244140625,758000.0,84.0387954711914
2018-10-12,87.31999969482422,85.70999908447266,86.0,86.95999908447266,701500.0,86.29133605957031
2018-10-15,86.7699966430664,85.30000305175781,86.76000213623047,85.5999984741211,664600.0,84.94178771972656
2018-10-16,89.38999938964844,86.29000091552734,86.54000091552734,89.27999877929688,613700.0,88.5934829711914
2018-10-17,90.5199966430664,88.37000274658203,89.0,90.16000366210938,633300.0,89.46672058105469
2018-10-18,90.11000061035156,87.3499984741211,89.76000213623047,87.80999755859375,757300.0,87.20250701904297
2018-10-19,88.5199966430664,86.11000061035156,88.08000183105469,86.18000030517578,677400.0,85.58379364013672
2018-10-22,86.83000183105469,85.0,86.44999694824219,86.01000213623047,672900.0,85.41496276855469
2018-10-23,86.16000366210938,82.69000244140625,84.12000274658203,85.55000305175781,803600.0,84.9581527709961
2018-10-24,87.08000183105469,81.88999938964844,85.76000213623047,82.02999877929688,827800.0,81.46249389648438
2018-10-25,84.91999816894531,81.87999725341797,82.79000091552734,84.2300033569336,699900.0,83.64727783203125
2018-10-26,84.73999786376953,81.95999908447266,82.91999816894531,83.98999786376953,634600.0,83.40892028808594
2018-10-29,86.37999725341797,82.38999938964844,85.19999694824219,83.81999969482422,667900.0,83.24009704589844
2018-10-30,85.77999877929688,83.75,84.16000366210938,85.68000030517578,810100.0,85.08724212646484
2018-10-31,87.76000213623047,86.02999877929688,86.54000091552734,86.4800033569336,1146900.0,85.88170623779297
2018-11-01,82.5,78.56999969482422,80.0,81.80000305175781,2929500.0,81.23409271240234
2018-11-02,84.08999633789062,81.23999786376953,82.19000244140625,83.62000274658203,1403100.0,83.04148864746094
2018-11-05,83.94999694824219,80.97000122070312,83.61000061035156,83.0199966430664,704400.0,82.44564819335938
2018-11-06,84.4000015258789,82.9800033569336,82.9800033569336,84.11000061035156,588000.0,83.52810668945312
2018-11-07,86.95999908447266,84.51000213623047,84.51000213623047,86.94000244140625,538700.0,86.33853149414062
2018-11-08,87.08999633789062,85.75,86.52999877929688,86.05999755859375,412000.0,85.46461486816406
2018-11-09,85.94000244140625,84.0,85.22000122070312,85.05999755859375,594400.0,84.47152709960938
2018-11-12,84.91000366210938,81.9800033569336,84.7300033569336,82.06999969482422,705600.0,81.502197265625
2018-11-13,83.18000030517578,81.0,82.47000122070312,81.23999786376953,591000.0,80.67794036865234
2018-11-14,81.94999694824219,79.4000015258789,81.5999984741211,79.5999984741211,1558600.0,79.04930114746094
2018-11-15,81.95999908447266,78.72000122070312,79.11000061035156,81.6500015258789,733600.0,81.08512115478516
2018-11-16,83.0,81.26000213623047,81.26000213623047,82.29000091552734,444700.0,81.72069549560547
2018-11-19,82.30000305175781,79.83999633789062,82.0,80.05999755859375,939800.0,79.50611877441406
2018-11-20,81.29000091552734,78.97000122070312,79.25,80.66000366210938,669100.0,80.10196685791016
2018-11-21,82.5,80.83000183105469,81.48999786376953,80.91000366210938,330300.0,80.35025024414062
2018-11-23,82.58999633789062,79.83999633789062,79.94999694824219,81.66999816894531,164400.0,81.10498046875
2018-11-26,82.93000030517578,81.62000274658203,82.54000091552734,82.76000213623047,382900.0,82.18742370605469
2018-11-27,82.9800033569336,81.76000213623047,82.41999816894531,82.9800033569336,348200.0,82.40592193603516
2018-11-28,85.91000366210938,83.37000274658203,83.37000274658203,85.8499984741211,608700.0,85.25606536865234
2018-11-29,87.7699966430664,85.20999908447266,85.5199966430664,86.62999725341797,592800.0,86.0306625366211
2018-11-30,87.37000274658203,86.16999816894531,86.7699966430664,87.05999755859375,631200.0,86.45769500732422
2018-12-03,91.37000274658203,88.30000305175781,88.4800033569336,90.5999984741211,1574600.0,89.97319793701172
2018-12-04,90.70999908447266,86.45999908447266,90.70999908447266,86.66000366210938,617700.0,86.06046295166016
2018-12-06,86.0999984741211,83.9000015258789,84.79000091552734,86.0199966430664,635800.0,85.42487335205078
2018-12-07,86.33000183105469,82.98999786376953,85.69999694824219,83.76000213623047,530800.0,83.1805191040039
2018-12-10,84.11000061035156,81.4800033569336,83.87999725341797,82.98999786376953,684400.0,82.41584014892578
2018-12-11,86.05000305175781,84.30000305175781,84.41999816894531,85.37000274658203,641800.0,84.77938842773438
2018-12-12,88.37999725341797,86.33999633789062,86.63999938964844,86.98999786376953,468200.0,86.38817596435547
2018-12-13,87.69999694824219,85.72000122070312,87.31999969482422,86.05000305175781,626700.0,85.45468139648438
2018-12-14,85.22000122070312,83.0,85.13999938964844,83.7300033569336,717300.0,83.15074157714844
2018-12-17,83.95999908447266,80.22000122070312,83.26000213623047,80.87999725341797,792900.0,80.32044219970703
2018-12-18,82.16999816894531,79.41000366210938,81.4000015258789,80.62000274658203,811500.0,80.062255859375
2018-12-19,81.94999694824219,77.5999984741211,80.52999877929688,78.19999694824219,819900.0,77.65898132324219
2018-12-20,78.19000244140625,75.66999816894531,77.70999908447266,76.4000015258789,993700.0,75.87145233154297
2018-12-21,77.62000274658203,73.66000366210938,76.61000061035156,73.8499984741211,1105400.0,73.3390884399414
2018-12-24,73.69999694824219,71.87000274658203,73.43000030517578,71.87000274658203,362900.0,71.3727798461914
2018-12-26,75.73999786376953,71.83000183105469,72.2699966430664,75.69999694824219,479600.0,75.17628479003906
2018-12-27,77.5,73.94999694824219,74.44999694824219,77.5,552000.0,76.9638442993164
2018-12-28,78.4800033569336,76.44000244140625,78.19999694824219,77.29000091552734,529300.0,76.75528717041016
2018-12-31,78.61000061035156,77.47000122070312,77.93000030517578,78.55000305175781,414800.0,78.0065689086914
